TcYC6_0174100 0.000000 0.051080 0.136915 0.137423 0.063509 0.136556 0.021411 0.135375 0.138167 0.137063 0.091146 0.122782 0.124352 0.118248 0.125972 0.121171 0.127316 0.121747 0.126819 0.123380 0.140284 0.110993 0.113380 0.160245 0.145531 0.128949 0.127639 0.418182 0.127932 0.111378 0.111688 0.109457 0.104657 0.358456 0.131137 0.123057 0.104849 0.104273 0.131053 0.223367 0.154144 0.105041 0.123821 0.121871 0.184783 0.161396 0.170713 0.175743 0.114352 0.138075 0.111796 0.193353 0.110598 0.114170 0.111411 0.205438 0.109967 0.107968 0.107402 0.156900 0.108811 0.097819 0.134261 0.097066 0.097819 0.108017 0.129528 0.111047 0.110908 0.109662 0.111678 0.129804 0.130852 0.129544 0.128220 0.139126 0.136054 0.145408 0.104522 0.132524 0.115235 0.135456 0.138220 0.173032 0.198913 0.127316 0.135190 0.134545 0.134334 0.169951 0.128949 0.186296 0.182888 0.124640 0.123253 0.123282 0.132538 0.123857 0.125241 0.132910 0.131162 0.119805 0.127124 0.130197 0.138740 0.179482 0.071256 0.108767 0.111272 0.112620 0.101329 0.110180 0.114450 0.112914 0.113394 0.109182 0.115026 0.110130 0.105521 0.110706 0.111207 0.107318 0.111336 0.112338 0.527536 0.527536 0.116927 0.128065 0.160182 0.132589 0.113490 0.110371 0.120497 0.135286 0.161728 0.112458 0.112914 0.127896 0.165105 0.139222 0.140622 0.173692 0.480519 0.158816 0.191879 0.160211 0.172732 0.174172 0.180382 0.232968 0.157323 0.157323 0.173116 0.146680 0.200642 0.203492 0.191695 0.171675 0.134928 0.128853 0.191439 0.127796 0.127988 0.130485 0.122858 0.110994 0.357542 0.208459 0.071130 0.138646 0.105177 0.128223 0.141086 0.109889 0.306077 0.134748 0.124831 0.126178 0.119622 0.123468 0.125216 0.125723 0.127993 0.126452 0.099781 0.098796 0.138031 0.135625 0.119864 0.121267 0.126548 0.122804 0.136839 0.121171
TcYC6_0172790 0.051080 0.000000 0.138937 0.138482 0.033436 0.139253 0.053904 0.138070 0.140381 0.138985 0.104167 0.117284 0.125696 0.115741 0.127967 0.112195 0.123272 0.113686 0.120459 0.117011 0.141319 0.106754 0.109238 0.163548 0.147074 0.131157 0.123572 0.177273 0.123603 0.111653 0.134007 0.117647 0.111832 0.359461 0.138438 0.122863 0.105803 0.112477 0.138451 0.225910 0.155624 0.110899 0.123339 0.116769 0.123913 0.101418 0.172279 0.182343 0.105015 0.135983 0.104766 0.193353 0.112137 0.106662 0.103611 0.205438 0.114778 0.112972 0.107886 0.163028 0.113625 0.100029 0.137525 0.100241 0.100605 0.099541 0.134140 0.113164 0.112351 0.108696 0.113409 0.134128 0.129652 0.134160 0.133122 0.132086 0.133027 0.143586 0.105969 0.136280 0.111450 0.138061 0.143164 0.178488 0.136957 0.126507 0.129038 0.136853 0.139242 0.130542 0.131381 0.126338 0.122995 0.124960 0.119206 0.122514 0.133183 0.126552 0.125434 0.130598 0.134683 0.122988 0.126819 0.130564 0.141268 0.176743 0.081522 0.107033 0.111175 0.115607 0.102990 0.110951 0.104825 0.103587 0.107348 0.101177 0.108498 0.102660 0.098996 0.102696 0.105435 0.102015 0.103060 0.106866 0.547826 0.547826 0.123000 0.129122 0.163384 0.137496 0.121012 0.115295 0.119726 0.136285 0.158141 0.114767 0.119859 0.131069 0.165105 0.141821 0.141209 0.177339 0.480519 0.140892 0.189832 0.139150 0.177928 0.178102 0.178928 0.224746 0.157895 0.157895 0.177435 0.149313 0.198288 0.204583 0.189647 0.176482 0.128493 0.126290 0.126040 0.125609 0.125263 0.124964 0.121702 0.103969 0.321229 0.208459 0.066946 0.132261 0.110595 0.130679 0.145151 0.115388 0.309352 0.137726 0.123676 0.129640 0.124638 0.126460 0.128486 0.128131 0.132224 0.124808 0.102666 0.101880 0.141688 0.138914 0.127627 0.123109 0.125768 0.123710 0.143618 0.123170
TcYC6_0172800 0.136915 0.138937 0.000000 0.046321 0.149047 0.044203 0.138070 0.040632 0.010880 0.117562 0.090495 0.139371 0.135471 0.136092 0.135952 0.133738 0.141055 0.135952 0.142141 0.133256 0.119888 0.149629 0.152394 0.142632 0.126813 0.110726 0.155239 0.459091 0.159034 0.137589 0.116118 0.151069 0.146351 0.357853 0.119777 0.135684 0.147410 0.145099 0.119680 0.214534 0.063297 0.145195 0.136434 0.146543 0.251087 0.226827 0.184808 0.197195 0.146062 0.205021 0.145402 0.199396 0.142500 0.147506 0.144824 0.199396 0.147699 0.147025 0.144944 0.148219 0.148772 0.140670 0.134261 0.140959 0.136145 0.144425 0.136241 0.141826 0.139996 0.140290 0.140959 0.136337 0.116447 0.134989 0.136434 0.170422 0.118332 0.095117 0.140874 0.117981 0.154348 0.117318 0.157352 0.145752 0.255435 0.134989 0.114866 0.115348 0.142692 0.157635 0.154439 0.239829 0.236364 0.127197 0.152838 0.134604 0.138020 0.131427 0.132177 0.142059 0.107394 0.119992 0.134604 0.138456 0.147437 0.184538 0.123792 0.138921 0.144027 0.145183 0.202658 0.143504 0.150106 0.148277 0.151069 0.146991 0.146255 0.144714 0.146736 0.146736 0.149528 0.144538 0.146929 0.147025 0.573913 0.573913 0.129747 0.133256 0.169205 0.130849 0.150202 0.150927 0.157677 0.130753 0.160480 0.149817 0.146832 0.089813 0.112412 0.117273 0.134168 0.177258 0.477922 0.176740 0.197793 0.176006 0.178317 0.178317 0.186004 0.255677 0.161899 0.161899 0.178510 0.143317 0.204066 0.213311 0.197611 0.177162 0.137974 0.134508 0.237812 0.133545 0.133353 0.135856 0.130753 0.143751 0.342179 0.211480 0.188285 0.117658 0.144461 0.140094 0.156942 0.139797 0.312626 0.112555 0.138605 0.129020 0.134960 0.133314 0.126998 0.133141 0.135278 0.135471 0.138082 0.137598 0.126805 0.124863 0.109828 0.149432 0.148180 0.143944 0.126767 0.150491
TcYC6_0173690 0.137423 0.138482 0.046321 0.000000 0.143586 0.019549 0.138001 0.026002 0.046129 0.115755 0.098307 0.135031 0.134534 0.132716 0.133956 0.130104 0.138964 0.132512 0.138576 0.129237 0.117300 0.144234 0.146710 0.146564 0.127018 0.109303 0.155723 0.450000 0.158732 0.138964 0.118066 0.148209 0.144357 0.358456 0.123363 0.132673 0.146090 0.143490 0.122978 0.213062 0.023679 0.142720 0.133089 0.142623 0.252174 0.225736 0.179718 0.200908 0.141564 0.198745 0.140986 0.181269 0.142623 0.141757 0.140505 0.202417 0.145416 0.144260 0.140106 0.145155 0.146668 0.139927 0.143628 0.141468 0.138001 0.139156 0.134823 0.148690 0.147631 0.141643 0.148787 0.135208 0.109244 0.133956 0.134823 0.167180 0.113829 0.092930 0.138752 0.116537 0.150878 0.116064 0.150258 0.150818 0.256522 0.133956 0.109399 0.114214 0.140601 0.156814 0.157646 0.238758 0.235294 0.122723 0.153994 0.132512 0.134473 0.131356 0.126590 0.136858 0.104753 0.117746 0.131163 0.133956 0.141673 0.179060 0.136473 0.141908 0.139884 0.145472 0.197674 0.139555 0.143201 0.141757 0.143201 0.141686 0.140408 0.139253 0.139734 0.139445 0.143008 0.138945 0.141468 0.143586 0.559420 0.559420 0.128976 0.130489 0.167071 0.123074 0.147438 0.151699 0.156617 0.121822 0.147536 0.149076 0.146283 0.094256 0.111241 0.117777 0.136515 0.176040 0.451948 0.175073 0.198135 0.173373 0.176907 0.176811 0.184744 0.252937 0.152746 0.152746 0.176618 0.143317 0.202675 0.207310 0.197952 0.175462 0.134341 0.130200 0.239001 0.128948 0.127408 0.130971 0.129141 0.139349 0.358939 0.202417 0.182008 0.111807 0.141364 0.137945 0.153690 0.143849 0.310796 0.111807 0.137642 0.135112 0.134285 0.132445 0.133763 0.131985 0.131837 0.133956 0.138480 0.137996 0.126926 0.124763 0.113047 0.148209 0.151579 0.144838 0.128220 0.150231
TcYC6_0174120 0.063509 0.033436 0.149047 0.143586 0.000000 0.143490 0.063797 0.146255 0.150780 0.145233 0.120443 0.123650 0.131918 0.121624 0.135569 0.120965 0.130765 0.121253 0.126915 0.121445 0.144632 0.110319 0.112995 0.170467 0.153965 0.137586 0.136452 0.427273 0.136588 0.120965 0.142569 0.121733 0.117314 0.362577 0.145945 0.124029 0.116449 0.117025 0.145849 0.228587 0.160975 0.115872 0.124206 0.128706 0.197826 0.174482 0.171496 0.190181 0.106940 0.142259 0.109774 0.193353 0.115214 0.109261 0.102552 0.208459 0.122090 0.119996 0.114369 0.170433 0.121136 0.106371 0.143628 0.107552 0.108100 0.106072 0.138465 0.120189 0.118507 0.114686 0.119758 0.138355 0.132053 0.138969 0.136582 0.140277 0.137779 0.145044 0.110211 0.140037 0.118389 0.142788 0.146174 0.190569 0.211957 0.135377 0.136914 0.142912 0.143091 0.180624 0.139700 0.199143 0.195722 0.125280 0.132023 0.130777 0.133828 0.132422 0.128902 0.141096 0.141725 0.124298 0.132494 0.137394 0.145616 0.184748 0.094203 0.114355 0.116763 0.121098 0.102990 0.116151 0.111741 0.110108 0.113182 0.106771 0.114143 0.110876 0.104727 0.110108 0.111304 0.108090 0.108064 0.114623 0.550725 0.550725 0.131097 0.136333 0.168623 0.143462 0.121349 0.120800 0.125409 0.142583 0.169214 0.121789 0.120965 0.141225 0.166276 0.147098 0.144338 0.175634 0.477922 0.162568 0.194154 0.162091 0.176691 0.175730 0.182999 0.236100 0.159039 0.159039 0.175826 0.152969 0.202247 0.206765 0.193970 0.174577 0.138163 0.130284 0.200951 0.129131 0.128843 0.132398 0.130079 0.110012 0.399441 0.211480 0.071130 0.136722 0.115917 0.135080 0.149624 0.121659 0.313301 0.144024 0.131670 0.136180 0.129848 0.132445 0.135411 0.132659 0.134244 0.135281 0.107740 0.107154 0.147849 0.143996 0.136338 0.130669 0.135281 0.131149 0.149235 0.130861
TcYC6_0173680 0.136556 0.139253 0.044203 0.019549 0.143490 0.000000 0.137230 0.014831 0.043914 0.115466 0.096354 0.135224 0.132897 0.132234 0.133860 0.130971 0.138193 0.132319 0.138190 0.128659 0.117300 0.143752 0.147288 0.149395 0.126916 0.109206 0.155046 0.454545 0.158430 0.139060 0.117970 0.146283 0.141660 0.359361 0.122785 0.131507 0.145898 0.141179 0.122400 0.211188 0.041439 0.142045 0.131934 0.140794 0.250000 0.225736 0.179718 0.200908 0.142816 0.202929 0.141082 0.181269 0.142238 0.143779 0.141949 0.202417 0.144646 0.143297 0.140010 0.145793 0.145609 0.140216 0.142776 0.140505 0.135978 0.138771 0.134534 0.149076 0.148305 0.141932 0.149461 0.134919 0.110444 0.133282 0.134534 0.167180 0.114118 0.092201 0.138463 0.115766 0.151299 0.115002 0.144669 0.150429 0.254348 0.134149 0.110747 0.113251 0.138193 0.156814 0.156876 0.238758 0.235294 0.122723 0.153609 0.133186 0.134473 0.130585 0.126590 0.134643 0.106514 0.119057 0.130008 0.131741 0.138639 0.176533 0.135870 0.141908 0.141522 0.146050 0.200997 0.141096 0.144068 0.142527 0.143875 0.142265 0.140216 0.139831 0.140216 0.140986 0.143201 0.139234 0.141949 0.142142 0.565217 0.565217 0.126663 0.131260 0.166780 0.127696 0.147149 0.151217 0.155558 0.126733 0.155178 0.148401 0.145416 0.093621 0.111241 0.116814 0.138666 0.177870 0.451948 0.173822 0.200182 0.173373 0.178640 0.178062 0.186004 0.252153 0.151602 0.151602 0.178255 0.144633 0.204173 0.206219 0.200000 0.177581 0.134727 0.130874 0.236623 0.129526 0.128178 0.131837 0.129815 0.139445 0.358939 0.202417 0.186192 0.111999 0.138849 0.134159 0.149014 0.144525 0.309737 0.110940 0.135908 0.135112 0.133031 0.131287 0.133571 0.132466 0.132415 0.133860 0.137982 0.137499 0.125867 0.125162 0.112668 0.148690 0.151772 0.144935 0.127736 0.149846
TcYC6_0174110 0.021411 0.053904 0.138070 0.138001 0.063797 0.137230 0.000000 0.135663 0.139226 0.136582 0.095703 0.124228 0.123007 0.119695 0.126798 0.121811 0.127496 0.122962 0.126915 0.125552 0.139248 0.113209 0.114922 0.159459 0.144503 0.128237 0.127736 0.422727 0.128536 0.112219 0.113035 0.111548 0.106465 0.359964 0.131713 0.124029 0.106571 0.105793 0.131630 0.223635 0.154713 0.107424 0.124687 0.121968 0.185870 0.166848 0.171887 0.175743 0.115122 0.148536 0.113914 0.190332 0.111752 0.115903 0.112662 0.202417 0.112950 0.110566 0.110402 0.157922 0.111411 0.098395 0.134970 0.098316 0.098780 0.108767 0.131450 0.112009 0.113024 0.110531 0.113890 0.131630 0.130852 0.131179 0.129469 0.140815 0.138116 0.142857 0.105390 0.133006 0.115130 0.136131 0.139295 0.174981 0.204348 0.129196 0.139459 0.134641 0.135200 0.170772 0.129580 0.187366 0.183957 0.122084 0.122868 0.122802 0.130281 0.123857 0.123988 0.133295 0.137324 0.118495 0.127278 0.131498 0.138740 0.180851 0.073672 0.109923 0.112331 0.113584 0.106312 0.111143 0.115768 0.114425 0.115385 0.110243 0.117015 0.113083 0.108095 0.113083 0.112169 0.108476 0.111913 0.115576 0.530435 0.530435 0.118469 0.128738 0.159503 0.133167 0.114713 0.110950 0.119919 0.137253 0.161416 0.112266 0.113466 0.124722 0.160422 0.138788 0.137688 0.175331 0.477922 0.163818 0.191652 0.163971 0.174851 0.175810 0.181060 0.236100 0.160183 0.160183 0.173892 0.146534 0.200321 0.207310 0.191468 0.173125 0.134639 0.129868 0.193817 0.128909 0.129484 0.131210 0.121991 0.113754 0.361732 0.205438 0.077406 0.140514 0.105080 0.129247 0.140882 0.111240 0.304825 0.135613 0.125313 0.126274 0.120587 0.123178 0.125216 0.125337 0.127512 0.127880 0.100875 0.099891 0.137934 0.136921 0.121568 0.122099 0.126824 0.125072 0.137226 0.122290
TcYC6_0172450 0.135375 0.138070 0.040632 0.026002 0.146255 0.014831 0.135663 0.000000 0.041691 0.114866 0.093750 0.136092 0.132679 0.133584 0.134315 0.133064 0.138263 0.133930 0.139732 0.129983 0.117300 0.144330 0.147096 0.146407 0.126607 0.107934 0.153496 0.463636 0.157323 0.136337 0.115925 0.146255 0.141344 0.359662 0.120547 0.132090 0.146640 0.140766 0.120354 0.211456 0.041781 0.141922 0.133930 0.141922 0.252174 0.227917 0.187157 0.194307 0.145003 0.207113 0.141165 0.187311 0.141537 0.145195 0.143476 0.199396 0.145003 0.142885 0.140203 0.144900 0.145306 0.140478 0.142634 0.140766 0.135567 0.139226 0.135856 0.148662 0.147314 0.141836 0.148469 0.136241 0.118848 0.134701 0.135760 0.166378 0.113422 0.092201 0.139234 0.115670 0.150773 0.114713 0.144669 0.145362 0.256522 0.135567 0.110726 0.112267 0.138167 0.158457 0.156461 0.240899 0.237433 0.125280 0.154187 0.131812 0.137053 0.130368 0.128516 0.136762 0.108275 0.121116 0.130657 0.133738 0.140965 0.178534 0.126208 0.140751 0.143256 0.146821 0.202658 0.142637 0.145292 0.143270 0.144714 0.142843 0.141152 0.140189 0.141537 0.142403 0.144329 0.139717 0.142981 0.143366 0.562319 0.562319 0.125602 0.131620 0.167071 0.127672 0.146832 0.150251 0.156039 0.127768 0.155646 0.147891 0.145003 0.087591 0.113583 0.115251 0.137688 0.178606 0.480519 0.175490 0.199500 0.174502 0.179665 0.179665 0.187845 0.253328 0.164760 0.164760 0.180146 0.146973 0.205350 0.210038 0.199317 0.178510 0.134989 0.131138 0.239001 0.130946 0.129501 0.132197 0.129501 0.140670 0.339385 0.211480 0.190377 0.112844 0.139139 0.134670 0.150844 0.143849 0.311856 0.110148 0.134367 0.133641 0.132645 0.130901 0.131427 0.133815 0.134027 0.134701 0.138181 0.137698 0.124398 0.124664 0.110585 0.150298 0.153668 0.144136 0.127155 0.151743
TcYC6_0172470 0.138167 0.140381 0.010880 0.046129 0.150780 0.043914 0.139226 0.041691 0.000000 0.118429 0.093750 0.140625 0.136819 0.137731 0.137011 0.134989 0.141633 0.136819 0.143394 0.133738 0.120406 0.150111 0.152875 0.142475 0.127635 0.110919 0.155433 0.468182 0.159537 0.137685 0.116792 0.151261 0.146255 0.358858 0.120258 0.136558 0.147217 0.145292 0.120162 0.214802 0.064891 0.145195 0.137300 0.146543 0.256522 0.230098 0.183242 0.196782 0.146640 0.213389 0.145787 0.208459 0.142788 0.147699 0.145402 0.208459 0.147603 0.146351 0.145235 0.147581 0.148291 0.141344 0.135822 0.141922 0.137108 0.144907 0.136434 0.141922 0.141055 0.141643 0.142018 0.136530 0.116447 0.134508 0.136241 0.170133 0.118429 0.094752 0.141163 0.118270 0.154242 0.117511 0.158212 0.146532 0.260870 0.135952 0.115636 0.115925 0.143559 0.165025 0.155305 0.245182 0.241711 0.125919 0.153513 0.135567 0.136730 0.131523 0.132466 0.142541 0.111796 0.121677 0.135375 0.139130 0.147740 0.184748 0.127415 0.139981 0.144027 0.145665 0.207641 0.143407 0.150298 0.148373 0.151261 0.147666 0.147410 0.145292 0.146543 0.147314 0.149432 0.145116 0.147603 0.147410 0.571015 0.571015 0.131193 0.133449 0.170273 0.131716 0.151069 0.151603 0.158351 0.132101 0.162040 0.150491 0.147603 0.088226 0.119438 0.118910 0.134363 0.178798 0.475325 0.181326 0.198931 0.178639 0.179280 0.180146 0.186198 0.258810 0.160755 0.160755 0.179665 0.143317 0.205029 0.213311 0.198749 0.178702 0.138167 0.134412 0.243757 0.133160 0.133256 0.135952 0.130946 0.144136 0.344972 0.208459 0.196653 0.119103 0.145525 0.140299 0.157349 0.140376 0.314071 0.113229 0.138894 0.129501 0.135153 0.133024 0.127672 0.133237 0.135663 0.135086 0.139077 0.138394 0.127672 0.125959 0.110396 0.149047 0.148180 0.143462 0.127348 0.149817
TcYC6_0172460 0.137063 0.138985 0.117562 0.115755 0.145233 0.115466 0.136582 0.114866 0.118429 0.000000 0.016927 0.127315 0.128316 0.126350 0.126874 0.126394 0.131584 0.127259 0.131252 0.127066 0.113262 0.137875 0.139678 0.132096 0.119716 0.102557 0.147976 0.468182 0.150881 0.135813 0.110726 0.137447 0.132065 0.356648 0.115436 0.127525 0.136870 0.132161 0.115340 0.212259 0.134221 0.133602 0.128250 0.138429 0.227174 0.206107 0.162490 0.164191 0.138608 0.154812 0.135099 0.157100 0.129929 0.136792 0.138276 0.175227 0.139311 0.136932 0.135559 0.133282 0.137795 0.131200 0.141357 0.133141 0.131007 0.133218 0.126009 0.137510 0.137553 0.132560 0.137841 0.126490 0.106843 0.122427 0.126298 0.161476 0.111592 0.088557 0.134510 0.091592 0.146988 0.094549 0.149398 0.128215 0.242391 0.122645 0.109765 0.112137 0.136451 0.143678 0.152730 0.218415 0.216043 0.112176 0.147827 0.126105 0.125121 0.123472 0.122447 0.131946 0.104753 0.111569 0.126874 0.129950 0.140661 0.174953 0.117754 0.132274 0.136802 0.138921 0.139535 0.135125 0.136967 0.135333 0.136198 0.134066 0.137735 0.131776 0.132161 0.134371 0.136797 0.129785 0.134719 0.136390 0.559420 0.559420 0.123193 0.127968 0.156107 0.128933 0.139081 0.137891 0.143614 0.130334 0.160168 0.138143 0.134756 0.080927 0.094848 0.108228 0.137688 0.170992 0.446753 0.154648 0.189945 0.151185 0.171472 0.171472 0.176796 0.235709 0.143021 0.143021 0.170319 0.139076 0.199893 0.194217 0.189761 0.170607 0.128989 0.123318 0.224732 0.121972 0.122741 0.125625 0.123917 0.132161 0.335196 0.187311 0.121339 0.110919 0.129947 0.122902 0.150640 0.130053 0.302321 0.106209 0.130707 0.128775 0.125410 0.123854 0.126947 0.126012 0.129916 0.129758 0.130919 0.130634 0.103282 0.115296 0.083507 0.143118 0.147539 0.140138 0.119988 0.143887
TcYC6_0174510 0.091146 0.104167 0.090495 0.098307 0.120443 0.096354 0.095703 0.093750 0.093750 0.016927 0.000000 0.104818 0.096354 0.102214 0.108073 0.107422 0.129557 0.104167 0.136719 0.108073 0.546224 0.139323 0.133464 0.075521 0.081380 0.055339 0.112630 1.000000 0.116536 0.113932 0.072266 0.123047 0.082031 0.367188 0.069010 0.138021 0.113281 0.078125 0.069010 1.000000 1.000000 0.073568 0.101562 0.122396 1.000000 1.000000 0.106120 0.201172 0.138672 1.000000 0.134115 0.157100 0.093750 0.136719 0.133464 0.175227 0.098307 0.102865 0.124349 0.077474 0.104818 0.087240 1.000000 0.082682 0.082031 0.108073 0.110677 0.102214 0.102214 0.120443 0.102214 0.110026 0.105642 0.108073 0.117188 0.166016 0.093099 0.095052 0.125651 0.103516 0.682292 0.101562 1.000000 0.092448 1.000000 0.097656 0.083984 0.089193 0.089844 1.000000 0.136719 1.000000 1.000000 0.102865 0.169922 0.106120 0.133464 0.097005 0.101562 0.097656 1.000000 0.088542 0.096354 0.100911 0.100911 0.155599 0.094401 0.105469 0.114583 0.115885 1.000000 0.111328 0.111328 0.110677 0.113281 0.110026 0.129557 0.110026 0.107422 0.113932 0.112630 0.108073 0.111979 0.119141 0.776812 0.776812 0.085938 0.095052 0.125000 0.083984 0.111979 0.109375 0.118490 0.099609 1.000000 0.111979 0.109375 0.072266 1.000000 0.071615 1.000000 0.121094 0.446753 1.000000 1.000000 1.000000 0.116536 0.123698 0.130208 1.000000 0.128255 0.128255 0.116536 0.130208 0.119792 0.148438 1.000000 0.123698 0.121094 0.104167 1.000000 0.090495 0.096354 0.108724 0.097005 0.116536 0.405028 0.187311 1.000000 0.094401 0.141927 0.472005 1.000000 0.121745 0.096354 0.053385 0.100260 0.094401 0.100260 0.102865 0.095703 0.104167 0.113281 0.111979 0.093750 0.093750 0.077474 0.070312 0.065104 0.131510 0.136719 0.111979 0.154297 0.134115
TcYC6_0173250 0.122782 0.117284 0.139371 0.135031 0.123650 0.135224 0.124228 0.136092 0.140625 0.127315 0.104818 0.000000 0.099248 0.048032 0.103781 0.085745 0.103009 0.055363 0.062596 0.060957 0.132622 0.117766 0.120756 0.153012 0.136995 0.120756 0.139357 0.422727 0.145043 0.125096 0.130884 0.130884 0.126447 0.352929 0.134066 0.109363 0.124807 0.126061 0.133873 0.221226 0.155168 0.121142 0.107639 0.131076 0.202174 0.167939 0.137432 0.153053 0.122010 0.150628 0.115451 0.190332 0.127315 0.120274 0.122782 0.202417 0.128954 0.126350 0.122400 0.153964 0.128279 0.122299 0.125887 0.123264 0.122010 0.108025 0.111593 0.129919 0.130980 0.128986 0.131848 0.111786 0.109244 0.109086 0.110822 0.137346 0.111111 0.126458 0.115741 0.125965 0.123646 0.124457 0.138865 0.183554 0.217391 0.105903 0.109761 0.125965 0.114680 0.122332 0.141011 0.200214 0.196791 0.088527 0.135802 0.100405 0.105127 0.109568 0.103395 0.116802 0.066021 0.095283 0.108025 0.112461 0.128021 0.162313 0.128623 0.128954 0.125868 0.128086 0.137874 0.126061 0.111304 0.109954 0.113619 0.110532 0.111690 0.109568 0.104263 0.111497 0.108893 0.111883 0.110243 0.116802 0.550725 0.550725 0.109471 0.107157 0.147182 0.116802 0.130498 0.130166 0.137924 0.115451 0.157829 0.130208 0.127894 0.121549 0.117096 0.124711 0.125953 0.161265 0.459740 0.147978 0.182666 0.147800 0.162134 0.162037 0.170108 0.231402 0.147025 0.147025 0.161073 0.134835 0.193793 0.204037 0.182480 0.161362 0.101852 0.096933 0.209275 0.091725 0.093750 0.097126 0.103974 0.112076 0.368715 0.211480 0.106695 0.114969 0.122883 0.113488 0.141695 0.128220 0.286169 0.125386 0.108893 0.110243 0.110747 0.113428 0.111304 0.106674 0.106771 0.107639 0.124851 0.124067 0.127025 0.136223 0.119485 0.131655 0.137346 0.130112 0.140519 0.133681
TcYC6_0174150 0.124352 0.125696 0.135471 0.134534 0.131918 0.132897 0.123007 0.132679 0.136819 0.128316 0.096354 0.099248 0.000000 0.097126 0.093528 0.056366 0.060399 0.098137 0.101185 0.096505 0.132933 0.128432 0.128889 0.148923 0.133292 0.120223 0.138098 0.445455 0.140413 0.121471 0.129582 0.134434 0.128865 0.355844 0.135844 0.104701 0.129057 0.128961 0.135473 0.218549 0.152892 0.124832 0.104564 0.131594 0.193478 0.173392 0.141738 0.143977 0.129560 0.156904 0.127684 0.214502 0.120408 0.131209 0.131343 0.226586 0.129883 0.128657 0.126560 0.150645 0.129225 0.123571 0.128442 0.123329 0.124435 0.122527 0.112424 0.130485 0.130435 0.127729 0.130723 0.112990 0.120048 0.111656 0.112841 0.152583 0.124736 0.132653 0.122264 0.125108 0.133845 0.123493 0.135856 0.170304 0.216304 0.116286 0.121663 0.127332 0.117687 0.121511 0.148070 0.199143 0.195722 0.095558 0.141852 0.105986 0.109965 0.106342 0.105010 0.118367 0.074824 0.092849 0.109948 0.115229 0.125796 0.160628 0.119565 0.126782 0.127071 0.131310 0.137874 0.129442 0.126368 0.124928 0.130689 0.120949 0.122623 0.121375 0.121375 0.124736 0.124964 0.121782 0.123845 0.127041 0.527536 0.527536 0.106998 0.111432 0.140293 0.114500 0.128481 0.130456 0.135234 0.118398 0.153774 0.127080 0.127617 0.113615 0.114754 0.126752 0.128496 0.166507 0.467532 0.151730 0.183235 0.150432 0.167083 0.168043 0.172434 0.232576 0.142448 0.142448 0.166507 0.133080 0.198716 0.195854 0.183049 0.167563 0.111303 0.108124 0.204518 0.105531 0.105627 0.109084 0.102831 0.125408 0.339385 0.229607 0.119247 0.126560 0.127528 0.112976 0.145761 0.129088 0.287585 0.127737 0.109516 0.112233 0.106695 0.108408 0.111752 0.110790 0.112030 0.113309 0.123160 0.122674 0.127346 0.134828 0.115130 0.135683 0.143749 0.134818 0.139938 0.137123
TcYC6_0172480 0.118248 0.115741 0.136092 0.132716 0.121624 0.132234 0.119695 0.133584 0.137731 0.126350 0.102214 0.048032 0.097126 0.000000 0.102913 0.084877 0.098958 0.044946 0.052759 0.056713 0.131173 0.115934 0.117284 0.151439 0.137098 0.119116 0.140132 0.418182 0.144640 0.122878 0.131076 0.129533 0.124228 0.352829 0.133873 0.105381 0.122685 0.124132 0.133873 0.222966 0.153802 0.118924 0.103106 0.131462 0.194565 0.166848 0.135865 0.152228 0.120660 0.146443 0.115066 0.181269 0.126254 0.120177 0.120756 0.193353 0.126640 0.124711 0.121819 0.150900 0.126157 0.120853 0.124468 0.121624 0.119599 0.106964 0.110918 0.128086 0.128279 0.125700 0.128665 0.111497 0.111645 0.108025 0.109471 0.137731 0.111111 0.125729 0.116898 0.125675 0.124593 0.125712 0.140370 0.176150 0.217391 0.104649 0.110147 0.123167 0.114101 0.119869 0.141011 0.192719 0.189305 0.086609 0.135417 0.098283 0.101580 0.108025 0.102045 0.113908 0.065141 0.091726 0.105710 0.109279 0.124178 0.160944 0.121981 0.126447 0.122782 0.123746 0.127907 0.122975 0.109761 0.109086 0.112365 0.108989 0.110050 0.107060 0.103202 0.108507 0.106289 0.109664 0.109182 0.113812 0.559420 0.559420 0.108796 0.105806 0.144853 0.117380 0.127508 0.128911 0.135417 0.115355 0.158297 0.128376 0.126061 0.118375 0.118267 0.125386 0.126736 0.159819 0.454545 0.145894 0.182325 0.147800 0.160012 0.161362 0.169720 0.231402 0.145881 0.145881 0.159722 0.133811 0.193900 0.204583 0.182139 0.161265 0.100309 0.094907 0.199762 0.091049 0.092593 0.097222 0.100598 0.110050 0.375698 0.202417 0.098326 0.114198 0.122303 0.111338 0.137223 0.125905 0.284144 0.123939 0.107542 0.111593 0.109878 0.110918 0.111690 0.105710 0.107446 0.107542 0.122463 0.121580 0.124132 0.135326 0.113804 0.132909 0.138600 0.133295 0.140229 0.134549
TcYC6_0173470 0.125972 0.127967 0.135952 0.133956 0.135569 0.133860 0.126798 0.134315 0.137011 0.126874 0.108073 0.103781 0.093528 0.102913 0.000000 0.089969 0.095430 0.099703 0.105040 0.103178 0.128067 0.128625 0.129564 0.145935 0.135863 0.118683 0.133643 0.181818 0.138601 0.127488 0.127946 0.131508 0.126627 0.351321 0.120281 0.104798 0.126427 0.127010 0.119812 0.213330 0.152550 0.124043 0.105045 0.124663 0.144565 0.123228 0.136257 0.144802 0.131774 0.154812 0.126818 0.238671 0.122716 0.129765 0.131632 0.250755 0.132865 0.130485 0.128399 0.153198 0.130669 0.121745 0.124468 0.123136 0.123186 0.121841 0.109349 0.130100 0.131204 0.126667 0.131878 0.109435 0.128451 0.105886 0.109381 0.150600 0.125957 0.130102 0.121300 0.125975 0.128273 0.121659 0.138435 0.173811 0.154348 0.089204 0.120794 0.126755 0.116628 0.076355 0.140218 0.141328 0.137968 0.091403 0.130577 0.108004 0.109320 0.108074 0.098940 0.111432 0.069542 0.091726 0.106432 0.111802 0.127010 0.153465 0.125000 0.125241 0.126686 0.128516 0.137874 0.126457 0.122152 0.120502 0.122033 0.120756 0.123469 0.117917 0.118874 0.122990 0.123617 0.119757 0.121247 0.122091 0.530435 0.530435 0.103335 0.091434 0.138159 0.113442 0.129881 0.113557 0.133404 0.112421 0.142857 0.127080 0.129498 0.120914 0.120609 0.124904 0.119108 0.164912 0.485714 0.125469 0.173794 0.125611 0.165103 0.164912 0.164777 0.213782 0.145881 0.145881 0.164338 0.127376 0.191546 0.203492 0.173606 0.165486 0.102660 0.100498 0.143876 0.100881 0.098871 0.099952 0.100231 0.123469 0.300279 0.253776 0.121339 0.123469 0.122883 0.108576 0.143932 0.124650 0.277376 0.127257 0.109516 0.110310 0.108528 0.109084 0.114253 0.106166 0.109241 0.105223 0.122165 0.121779 0.129560 0.132735 0.116077 0.134788 0.138345 0.125000 0.124153 0.135720
TcYC6_0172830 0.121171 0.112195 0.133738 0.130104 0.120965 0.130971 0.121811 0.133064 0.134989 0.126394 0.107422 0.085745 0.056366 0.084877 0.089969 0.000000 0.055012 0.085049 0.089814 0.084481 0.130345 0.120917 0.121087 0.149395 0.134115 0.120325 0.131222 0.190909 0.135883 0.122560 0.132468 0.134385 0.129412 0.353532 0.135460 0.105186 0.124700 0.129507 0.135088 0.218549 0.148793 0.125203 0.103986 0.126781 0.142391 0.115594 0.135865 0.144389 0.122148 0.135983 0.117381 0.193353 0.121466 0.122642 0.123736 0.205438 0.131422 0.129042 0.123561 0.152177 0.130188 0.121072 0.119926 0.122078 0.123859 0.110282 0.109926 0.129426 0.129761 0.123382 0.129761 0.110204 0.110444 0.109444 0.109669 0.138705 0.115638 0.128280 0.117539 0.125783 0.122174 0.124071 0.134351 0.174981 0.160870 0.109761 0.113124 0.125216 0.114415 0.087028 0.143185 0.144540 0.141176 0.093960 0.131734 0.100798 0.108352 0.106342 0.101252 0.109313 0.069542 0.088356 0.105570 0.110271 0.121954 0.150516 0.123792 0.123314 0.121291 0.126975 0.136213 0.122508 0.111335 0.112865 0.117202 0.109182 0.114204 0.110888 0.110187 0.113343 0.116306 0.110886 0.111817 0.118070 0.547826 0.547826 0.106131 0.108259 0.140778 0.113057 0.132186 0.127076 0.135234 0.110696 0.142389 0.127369 0.131325 0.117106 0.115925 0.126255 0.123215 0.165088 0.457143 0.130054 0.176752 0.130124 0.167958 0.166523 0.166327 0.215348 0.137872 0.137872 0.167767 0.129278 0.194008 0.194217 0.176564 0.166141 0.103428 0.104735 0.145065 0.101578 0.099761 0.102635 0.098691 0.116308 0.310056 0.208459 0.100418 0.117236 0.124238 0.110008 0.142712 0.129185 0.285178 0.127257 0.100077 0.111271 0.104476 0.107636 0.112137 0.105973 0.110203 0.104647 0.120772 0.120088 0.127057 0.133234 0.120432 0.130385 0.135945 0.131707 0.137807 0.131783
TcYC6_0172820 0.127316 0.123272 0.141055 0.138964 0.130765 0.138193 0.127496 0.138263 0.141633 0.131584 0.129557 0.103009 0.060399 0.098958 0.095430 0.055012 0.000000 0.096582 0.105329 0.092742 0.127860 0.131997 0.133417 0.160088 0.138435 0.120008 0.134709 0.204545 0.139809 0.124424 0.134199 0.133353 0.129128 0.354939 0.138726 0.101107 0.127208 0.129608 0.138355 0.220289 0.153802 0.123464 0.104564 0.132268 0.134783 0.111232 0.153093 0.160891 0.131678 0.148536 0.128647 0.335347 0.113964 0.132749 0.130091 0.347432 0.131614 0.129426 0.125399 0.155751 0.129995 0.128279 0.124752 0.128042 0.128952 0.120584 0.110599 0.133468 0.132455 0.122415 0.133032 0.111261 0.175270 0.110694 0.111303 0.150346 0.125960 0.142857 0.123228 0.125879 0.133319 0.122624 0.136715 0.187451 0.155435 0.112039 0.124712 0.129736 0.118649 0.084565 0.144777 0.140257 0.136898 0.108661 0.132601 0.109446 0.123831 0.107112 0.108092 0.113744 0.067782 0.097903 0.107047 0.111943 0.126605 0.157047 0.146135 0.124277 0.128998 0.134104 0.137874 0.130213 0.123656 0.125000 0.127016 0.124904 0.121160 0.121832 0.120008 0.123752 0.128235 0.124385 0.126828 0.125672 0.568116 0.568116 0.112686 0.116239 0.142524 0.118734 0.132200 0.131228 0.137835 0.114055 0.143481 0.131987 0.131144 0.132974 0.117096 0.126344 0.126345 0.165995 0.568831 0.128804 0.181529 0.128996 0.167435 0.167627 0.172143 0.214174 0.157323 0.157323 0.168011 0.137028 0.197539 0.195854 0.181342 0.167051 0.106405 0.104359 0.146254 0.103207 0.103015 0.104359 0.105816 0.123272 0.377095 0.350453 0.104603 0.126248 0.126947 0.107757 0.148201 0.129185 0.288645 0.131195 0.112791 0.113580 0.107949 0.106670 0.114541 0.112813 0.115780 0.108487 0.126641 0.125858 0.131967 0.139412 0.121189 0.132680 0.139593 0.130952 0.138195 0.133065
TcYC6_0174140 0.121747 0.113686 0.135952 0.132512 0.121253 0.132319 0.122962 0.133930 0.136819 0.127259 0.104167 0.055363 0.098137 0.044946 0.099703 0.085049 0.096582 0.000000 0.020237 0.048846 0.127135 0.114847 0.116270 0.148923 0.136069 0.117709 0.133256 0.195455 0.134877 0.121157 0.129197 0.126904 0.121636 0.354336 0.132962 0.104312 0.120480 0.122498 0.132782 0.218282 0.151525 0.116847 0.104275 0.122738 0.142391 0.118866 0.127251 0.144389 0.120320 0.167364 0.114299 0.190332 0.125793 0.120331 0.119884 0.196375 0.126708 0.123941 0.118626 0.149623 0.124603 0.121553 0.125319 0.122270 0.120880 0.106120 0.109830 0.127791 0.129569 0.124348 0.130627 0.110108 0.116447 0.106078 0.108035 0.131127 0.108323 0.118076 0.111850 0.122701 0.120492 0.121081 0.138435 0.176539 0.165217 0.103534 0.107852 0.122043 0.114222 0.076355 0.138971 0.143469 0.140107 0.078619 0.128264 0.099548 0.094808 0.106053 0.097302 0.106906 0.072183 0.088169 0.104971 0.107940 0.120942 0.150305 0.123188 0.124856 0.120328 0.122832 0.134551 0.121737 0.107844 0.107844 0.110717 0.107157 0.104971 0.105833 0.100182 0.108131 0.104473 0.107222 0.108641 0.111388 0.559420 0.559420 0.104010 0.106721 0.139517 0.115270 0.128244 0.124759 0.130707 0.111654 0.147692 0.124194 0.126808 0.114249 0.119438 0.123551 0.124584 0.165022 0.457143 0.126719 0.179481 0.129748 0.164831 0.166172 0.167297 0.217698 0.140732 0.140732 0.165693 0.130594 0.191867 0.198582 0.179295 0.165597 0.092961 0.091275 0.142687 0.087923 0.088689 0.092094 0.101772 0.108706 0.326816 0.211480 0.121339 0.114740 0.118239 0.107552 0.136816 0.122431 0.284118 0.125912 0.105086 0.110310 0.105730 0.108215 0.110117 0.104432 0.106837 0.103207 0.120573 0.119889 0.123689 0.132835 0.111153 0.129490 0.133161 0.129394 0.136258 0.130543
TcYC6_0173260 0.126819 0.120459 0.142141 0.138576 0.126915 0.138190 0.126915 0.139732 0.143394 0.131252 0.136719 0.062596 0.101185 0.052759 0.105040 0.089814 0.105329 0.020237 0.000000 0.057338 0.133554 0.123350 0.124313 0.159931 0.143783 0.123350 0.145264 0.427273 0.147660 0.129614 0.136167 0.132601 0.127590 0.359964 0.138383 0.111111 0.128264 0.128168 0.138190 0.219754 0.153233 0.122097 0.109955 0.134046 0.195652 0.171210 0.152702 0.158003 0.127879 0.167364 0.121711 0.220544 0.131637 0.127204 0.127590 0.226586 0.133565 0.130288 0.126850 0.159326 0.131734 0.125855 0.127306 0.128939 0.124795 0.113424 0.114869 0.134143 0.135781 0.132174 0.136648 0.115062 0.148860 0.112460 0.114580 0.141370 0.115929 0.141035 0.119371 0.129421 0.123015 0.128220 0.139940 0.199532 0.218478 0.111400 0.114291 0.126819 0.121519 0.117406 0.145418 0.198073 0.194652 0.099073 0.140407 0.104655 0.117704 0.113328 0.105425 0.120844 0.072183 0.100899 0.112171 0.116604 0.129437 0.162840 0.152778 0.132890 0.129903 0.132215 0.137874 0.130577 0.115351 0.114580 0.116989 0.114583 0.113231 0.112171 0.107835 0.114773 0.110918 0.114164 0.114388 0.117471 0.562319 0.562319 0.112011 0.112942 0.148152 0.122386 0.131445 0.133256 0.138865 0.120362 0.158141 0.131059 0.129517 0.132656 0.119438 0.129517 0.127127 0.166426 0.454545 0.145477 0.181187 0.147424 0.166715 0.167775 0.172434 0.228661 0.164760 0.164760 0.167004 0.138198 0.199144 0.223131 0.181001 0.167004 0.105040 0.101185 0.204518 0.098005 0.098583 0.102727 0.108702 0.116122 0.396648 0.235650 0.121339 0.120555 0.127141 0.112362 0.139663 0.131114 0.289583 0.127879 0.112267 0.115158 0.113737 0.116034 0.116411 0.110340 0.112171 0.111497 0.127238 0.126555 0.130288 0.139213 0.126112 0.136745 0.142238 0.136359 0.144102 0.137708
TcYC6_0173350 0.123380 0.117011 0.133256 0.129237 0.121445 0.128659 0.125552 0.129983 0.133738 0.127066 0.108073 0.060957 0.096505 0.056713 0.103178 0.084481 0.092742 0.048846 0.057338 0.000000 0.127342 0.114944 0.118197 0.150181 0.135349 0.118733 0.129866 0.181818 0.134172 0.123804 0.129197 0.128684 0.122273 0.353030 0.133154 0.104215 0.121055 0.123517 0.132975 0.218549 0.147996 0.118159 0.104949 0.121198 0.143478 0.113413 0.128818 0.147690 0.120031 0.150628 0.114299 0.196375 0.126467 0.118213 0.119307 0.202417 0.124110 0.122209 0.120561 0.147836 0.123158 0.119439 0.122055 0.119577 0.117998 0.107061 0.110599 0.129619 0.130627 0.124348 0.131204 0.110972 0.115246 0.107424 0.110054 0.130935 0.108209 0.123178 0.115032 0.122315 0.123541 0.119633 0.131771 0.178488 0.158696 0.104019 0.107372 0.123870 0.116243 0.077176 0.140739 0.140257 0.136898 0.083733 0.129614 0.103104 0.099323 0.103647 0.102119 0.109121 0.066021 0.091539 0.105475 0.110175 0.120841 0.150200 0.123792 0.125626 0.121965 0.124663 0.132890 0.123086 0.109228 0.109548 0.110505 0.107542 0.107348 0.106391 0.104286 0.109453 0.107648 0.107415 0.109026 0.111845 0.559420 0.559420 0.104974 0.108643 0.139129 0.114308 0.130023 0.126400 0.133789 0.109833 0.145976 0.125349 0.130214 0.117423 0.112412 0.124091 0.122042 0.164562 0.449351 0.120884 0.177775 0.124483 0.164657 0.163988 0.166037 0.213782 0.138444 0.138444 0.164083 0.131032 0.190476 0.196945 0.177588 0.164849 0.092385 0.090031 0.140309 0.087543 0.088213 0.090465 0.099268 0.109166 0.311453 0.211480 0.104603 0.115705 0.120368 0.106734 0.140069 0.123589 0.283155 0.124952 0.107494 0.108963 0.107370 0.109374 0.110983 0.100771 0.102221 0.102631 0.119678 0.118894 0.123592 0.132935 0.115508 0.131629 0.133641 0.130501 0.136549 0.133123
TcYC6_0174200 0.140284 0.141319 0.119888 0.117300 0.144632 0.117300 0.139248 0.117300 0.120406 0.113262 0.546224 0.132622 0.132933 0.131173 0.128067 0.130345 0.127860 0.127135 0.133554 0.127342 0.000000 0.139248 0.142458 0.242963 0.178590 0.061186 0.154053 0.504545 0.195776 0.136764 0.112330 0.137385 0.139352 0.382441 0.113883 0.130862 0.136764 0.139352 0.114091 0.201419 0.134791 0.138213 0.129931 0.142354 0.233696 0.210469 0.436570 0.388614 0.138420 0.152720 0.137178 1.000000 0.136660 0.139973 0.138834 1.000000 0.143804 0.142768 0.140801 0.223158 0.143597 0.136660 0.134970 0.140077 0.134279 0.134279 0.128999 0.140284 0.140284 0.137488 0.141526 0.129517 0.942377 0.129517 0.130345 0.159954 0.107775 0.336370 0.136764 0.106843 0.143833 0.107982 0.153267 0.406469 0.247826 0.128067 0.107361 0.104359 0.135521 0.144499 0.150947 0.223769 0.220321 0.334931 0.142044 0.129206 0.341825 0.131277 0.120613 0.138938 0.103873 0.236990 0.129517 0.134072 0.190289 0.242364 0.530797 0.137902 0.143700 0.147634 0.139535 0.143183 0.138420 0.136660 0.137592 0.137488 0.136660 0.133347 0.133554 0.134072 0.137488 0.133968 0.135314 0.134072 0.727536 0.727536 0.129102 0.130448 0.171964 0.136971 0.141526 0.146081 0.152500 0.135521 0.163599 0.146081 0.141837 0.300539 0.087822 0.065328 0.129474 0.171757 1.000000 0.154648 0.189149 0.159458 0.175173 0.173103 0.188529 0.240799 0.520023 0.520023 0.174035 0.233694 0.268165 0.536825 0.188965 0.171136 0.123822 0.121338 0.229489 0.123408 0.122166 0.123098 0.121545 0.136039 0.907821 1.000000 0.129707 0.111502 0.135728 0.125893 0.141492 0.138213 0.318356 0.075163 0.134382 0.133451 0.128895 0.128171 0.130552 0.129827 0.129517 0.127860 0.167926 0.167098 0.118439 0.158816 0.227230 0.141630 0.149187 0.140594 0.119060 0.141837
TcYC6_0173790 0.110993 0.106754 0.149629 0.144234 0.110319 0.143752 0.113209 0.144330 0.150111 0.137875 0.139323 0.117766 0.128432 0.115934 0.128625 0.120917 0.131997 0.114847 0.123350 0.114944 0.139248 0.000000 0.038347 0.165592 0.147897 0.128432 0.120666 0.445455 0.121691 0.105501 0.138356 0.121784 0.115907 0.362677 0.143463 0.125389 0.116582 0.116485 0.143270 0.220289 0.160178 0.114269 0.125542 0.111668 0.177174 0.154853 0.187157 0.202970 0.077271 0.182008 0.055400 0.229607 0.113884 0.075633 0.078331 0.238671 0.121495 0.117930 0.115143 0.162518 0.120821 0.114173 0.135112 0.115522 0.113691 0.096252 0.134695 0.121110 0.120050 0.117101 0.120917 0.134502 0.133253 0.130359 0.133153 0.120821 0.120243 0.148324 0.110308 0.135080 0.112186 0.135842 0.140585 0.186672 0.193478 0.128143 0.122170 0.135659 0.140283 0.165846 0.121495 0.180942 0.177540 0.139661 0.114869 0.120532 0.148662 0.129396 0.124000 0.135466 0.125000 0.126544 0.126024 0.132672 0.144605 0.179482 0.126208 0.118509 0.117063 0.121399 0.117940 0.117449 0.097794 0.095096 0.099528 0.094522 0.083919 0.087773 0.091531 0.092494 0.096541 0.095459 0.095963 0.096734 0.573913 0.573913 0.127820 0.130456 0.162608 0.137393 0.116196 0.121572 0.125831 0.137489 0.165003 0.117834 0.116100 0.136147 0.167447 0.136622 0.137688 0.176028 0.503896 0.165069 0.191993 0.160963 0.173909 0.173620 0.183193 0.241582 0.180206 0.180206 0.176318 0.151360 0.205243 0.230769 0.191809 0.174005 0.130263 0.125735 0.165279 0.123326 0.124000 0.126698 0.121977 0.096156 0.412011 0.235650 0.123431 0.123422 0.113885 0.128837 0.135190 0.117414 0.308893 0.137007 0.129203 0.131034 0.126761 0.128970 0.128625 0.121399 0.122266 0.123615 0.117390 0.117103 0.138356 0.149576 0.131415 0.110993 0.116871 0.111668 0.149235 0.110993
