TcBrA4_0186050 0.000000 0.042672 0.728659 0.673918 0.241764 0.537415 0.540480 0.257608 0.704545 0.169001 0.689762 0.277043 0.124663 0.733077 0.752537 0.090038 0.325162 0.397017 0.700617 0.731191 0.142412 0.158885 0.275097 0.569312 0.297536 0.149287 0.194034 0.748519 0.210636 0.699153 0.309987 0.137484 0.270734 0.250376 0.135163 0.752534 0.603691 0.231794 0.277922 0.142153 0.132306 0.289494 0.318807 0.237224 0.100956 0.127907 0.098831 0.380285 0.305385 0.766303 0.364839 0.767976 0.572735 0.213936 0.197244 0.119768 0.585084 0.136423 0.751975 0.718341 0.113224 0.535901 0.438911 0.159014 0.752023 0.148379 0.194837 0.146044 0.297045 0.739363 0.232029 0.230869 0.734756 0.225422 0.140145 0.243320 0.330671 0.213230 0.496015 0.150454 0.167575 0.100533 0.579477 0.751494 0.737955 0.195601 0.744464 0.235668 0.094430 0.257847 0.146044 0.157977 0.082317 0.230350 0.086106 0.286381 0.716931 0.740260 0.728863 0.195531 0.187419 0.301167 0.149805 0.282101 0.169261 0.151232 0.479125 0.070407 0.710202 0.752878 0.376429 0.121406 0.264392 0.207523 0.788618 0.204669 0.113803 0.324514 0.157717 0.188197 0.752599 0.156939 0.601974 0.195250 0.062937 0.231388 0.165499 0.295071 0.527497 0.304540 0.231258 0.768650 0.741573 0.220233 0.709184 0.222438 0.169261 0.726795 0.329528 0.167964 0.235668 0.141245 0.167315 0.717222 0.310636 0.096455 0.252369 0.701960 0.190791 0.177209 0.747377 0.752027 0.114829 0.158236 0.063768 0.147211 0.665480 0.361349 0.179118 0.293645 0.421271 0.322698 0.280156 0.320493 0.596179 0.163943 0.711246 0.276524 0.174034 0.288846 0.713740 0.268872 0.286029 0.109458 0.098831 0.199222 0.192477 0.755686 0.265240 0.176135 0.099894 0.205291 0.123012 0.100956 0.246571 0.154215 0.744357 0.742958 0.718254 0.138521 0.171595 0.155123 0.152065 0.296628 0.556293 0.662204 0.149676 0.096881 0.151362 0.615748 0.143839 0.602472 0.537291 0.151945 0.100783 0.143689 0.366932 0.548921 0.720365 0.732566 0.427626 0.148638 0.153567 0.480377 0.733462 0.187597 0.183951 0.737329 0.725581 0.139818 0.145785 0.166276 0.127706 0.241192 0.141148 0.744792 0.259663 0.141634 0.291310 0.410765 0.149546 0.732820 0.188327 0.253307 0.226209 0.221660 0.597055 0.281193 0.751876 0.705645 0.205188 0.262127
TcBrA4_0186040 0.042672 0.000000 0.158537 0.032273 0.167370 0.506872 0.248844 0.129557 0.187500 0.140134 0.317117 0.325357 0.137745 0.181538 0.107365 0.113660 0.283512 0.122459 0.135802 0.086991 0.118225 0.140841 0.265298 0.198726 0.362355 0.235379 0.123863 0.103357 0.200560 0.360169 0.268604 0.133435 0.240093 0.137898 0.144425 0.171298 0.366257 0.317942 0.140123 0.124533 0.141870 0.349491 0.255097 0.155085 0.141339 0.148256 0.139214 0.203664 0.253579 0.369895 0.212823 0.105048 0.404769 0.213183 0.160503 0.149192 0.298077 0.130793 0.238547 0.155022 0.126621 0.213166 0.355467 0.171724 0.098414 0.120882 0.209489 0.126663 0.211509 0.098854 0.232284 0.143969 0.289634 0.162261 0.358239 0.260649 0.271368 0.294867 0.160117 0.127115 0.254906 0.127951 0.261713 0.213066 0.364277 0.378724 0.494315 0.333333 0.111836 0.354552 0.126919 0.212935 0.103659 0.127043 0.135029 0.244472 0.156085 0.132035 0.291545 0.185599 0.178760 0.236745 0.318424 0.155581 0.151501 0.125313 0.141923 0.133113 0.279366 0.129853 0.353095 0.151225 0.198294 0.148806 0.787715 0.123172 0.136755 0.299835 0.135876 0.280756 0.080122 0.231945 0.213068 0.184176 0.107892 0.305924 0.241988 0.379840 0.512928 0.259438 0.346854 0.518650 0.737828 0.220383 0.219388 0.151957 0.234081 0.088733 0.366565 0.157373 0.257135 0.120312 0.172784 0.082222 0.138112 0.115746 0.244296 0.081740 0.215856 0.248519 0.096852 0.102433 0.130577 0.136421 0.124638 0.125778 0.161922 0.340391 0.180913 0.421297 0.232519 0.287275 0.194391 0.194735 0.101280 0.164834 0.264438 0.299404 0.305456 0.234459 0.187023 0.434363 0.374037 0.149841 0.140276 0.289842 0.167189 0.486030 0.215409 0.180844 0.140276 0.291005 0.158006 0.141339 0.240423 0.153565 0.090287 0.340795 0.529762 0.115662 0.155439 0.128464 0.160236 0.149756 0.102461 0.081883 0.237105 0.119093 0.127094 0.212598 0.151515 0.102376 0.163221 0.150127 0.147750 0.171845 0.190436 0.115237 0.264438 0.094690 0.235928 0.149517 0.175074 0.131737 0.071933 0.133333 0.181481 0.087657 0.110078 0.154611 0.130181 0.171741 0.142239 0.230352 0.133573 0.086458 0.278453 0.118582 0.397791 0.298777 0.124266 0.107820 0.160525 0.196533 0.223535 0.157108 0.156372 0.427104 0.188103 0.157258 0.201071 0.239067
TcBrA4_0186990 0.728659 0.158537 0.000000 0.125000 0.158537 0.707317 0.173780 0.716463 0.018293 0.115854 0.381098 0.289634 0.707317 0.112805 0.274390 0.685976 0.716463 0.121951 0.098765 0.106707 0.106707 0.125000 0.161585 0.112805 0.375000 0.155488 0.201220 0.173780 0.170732 0.351695 0.728659 0.192073 0.713415 0.737805 0.719512 0.390244 0.414634 0.716463 0.710366 0.179878 0.713415 0.719512 0.341463 0.375000 0.728659 0.780488 0.737805 0.728659 0.734756 0.198171 0.725610 0.195122 0.280488 0.722561 0.716463 0.725610 0.289634 0.716463 0.344512 0.753049 0.743902 0.250000 0.167683 0.158537 0.109756 0.128049 0.728659 0.121951 0.734756 0.210366 0.725610 0.716463 0.280488 0.173780 0.734756 0.192073 0.710366 0.192073 0.176829 0.198171 0.207317 0.731707 0.173780 0.381098 0.426829 0.746951 0.189024 0.118902 0.722561 0.289634 0.222561 0.173780 0.728659 0.100610 0.734756 0.289634 0.082317 0.091463 0.198171 0.719512 0.725610 0.210366 0.737805 0.710366 0.250000 0.204268 0.182927 0.707317 0.213415 0.167683 0.698171 0.722561 0.728659 0.158537 0.746951 0.189024 0.722561 0.250000 0.131098 0.125000 0.167683 0.246951 0.448171 0.713415 0.728659 0.182927 0.216463 0.143293 0.698171 0.143293 0.161585 0.490854 0.786517 0.225610 0.168367 0.234756 0.185976 0.192073 0.682927 0.173780 0.182927 0.298780 0.161585 0.164634 0.152439 0.719512 0.722561 0.146341 0.149390 0.737805 0.146341 0.152439 0.728659 0.225610 0.765244 0.179878 0.201220 0.140244 0.378049 0.167683 0.429878 0.204268 0.164634 0.207317 0.213415 0.167683 0.250000 0.195122 0.716463 0.115854 0.217557 0.173780 0.728659 0.737805 0.737805 0.234756 0.448171 0.746951 0.722561 0.152439 0.737805 0.750000 0.734756 0.728659 0.743902 0.143293 0.185976 0.240854 0.756098 0.231707 0.185976 0.237805 0.734756 0.140244 0.152439 0.152439 0.170732 0.716463 0.204268 0.198171 0.121951 0.176829 0.189024 0.740854 0.737805 0.740854 0.734756 0.213415 0.253049 0.185976 0.423780 0.179878 0.210366 0.149390 0.158537 0.750000 0.740854 0.173780 0.725610 0.734756 0.185976 0.740854 0.734756 0.786585 0.753049 0.393293 0.204268 0.161585 0.140244 0.454268 0.201220 0.176829 0.390244 0.192073 0.719512 0.719512 0.393293 0.390244 0.298780 0.228659 0.237805 0.371951
TcBrA4_0186980 0.673918 0.032273 0.125000 0.000000 0.040163 0.633278 0.265599 0.529376 0.159091 0.034186 0.369113 0.125030 0.745671 0.176154 0.112275 0.725779 0.479321 0.077456 0.095679 0.086207 0.076739 0.088692 0.103275 0.116185 0.398040 0.086302 0.085106 0.113891 0.080564 0.351695 0.484102 0.081281 0.635907 0.634712 0.739280 0.174894 0.320583 0.750657 0.636385 0.091083 0.734325 0.330385 0.131724 0.135549 0.722635 0.665698 0.713071 0.288071 0.633517 0.325843 0.528807 0.089750 0.180492 0.758569 0.761663 0.729797 0.142242 0.713729 0.238547 0.150655 0.739844 0.158021 0.330863 0.104949 0.091292 0.075066 0.754243 0.082955 0.758546 0.101656 0.772320 0.699092 0.246951 0.153717 0.749192 0.106861 0.763328 0.088692 0.155152 0.078891 0.244561 0.681645 0.220416 0.216482 0.368978 0.769304 0.515859 0.074827 0.722802 0.127660 0.096820 0.157064 0.114329 0.077456 0.708415 0.125508 0.182540 0.112554 0.253644 0.733085 0.623476 0.167822 0.295482 0.459479 0.093713 0.087258 0.108774 0.663366 0.204160 0.133869 0.767153 0.717785 0.716418 0.096581 0.790425 0.080803 0.750717 0.121922 0.079369 0.228783 0.078593 0.093952 0.137700 0.773847 0.702298 0.083433 0.209419 0.105188 0.387521 0.092278 0.096820 0.514463 0.715356 0.113794 0.173469 0.084389 0.085585 0.093987 0.765094 0.079369 0.107100 0.092278 0.095147 0.086111 0.091083 0.706986 0.749701 0.085585 0.094908 0.776476 0.098467 0.106274 0.738517 0.102319 0.637681 0.079608 0.231317 0.157781 0.113077 0.100406 0.102558 0.214918 0.078891 0.074349 0.106622 0.105427 0.224924 0.161846 0.754482 0.075305 0.202290 0.364332 0.710671 0.700319 0.705632 0.084628 0.161367 0.466537 0.280182 0.198183 0.704570 0.723810 0.714740 0.722635 0.770261 0.077456 0.107279 0.344064 0.549603 0.083433 0.080803 0.086780 0.719927 0.083194 0.081520 0.079847 0.095386 0.715974 0.085345 0.307087 0.082477 0.082955 0.090127 0.766914 0.708415 0.721359 0.284963 0.130767 0.221884 0.093410 0.100406 0.077456 0.080564 0.091083 0.091201 0.713178 0.759259 0.087657 0.106977 0.456371 0.088931 0.761124 0.760359 0.715447 0.731260 0.094792 0.371265 0.080803 0.077217 0.111403 0.086302 0.109597 0.116663 0.079847 0.765479 0.461869 0.125986 0.115945 0.196141 0.173387 0.128138 0.112360
TcBrA4_0186030 0.241764 0.167370 0.158537 0.040163 0.000000 0.509926 0.429253 0.189515 0.187500 0.047258 0.486978 0.437117 0.379761 0.176154 0.122095 0.185211 0.350187 0.142425 0.135802 0.084639 0.306633 0.293203 0.431559 0.173245 0.307259 0.264571 0.252109 0.136274 0.220645 0.347458 0.480956 0.272048 0.384175 0.264043 0.293310 0.183720 0.378032 0.265882 0.269173 0.398294 0.222635 0.292974 0.245878 0.366168 0.141339 0.136628 0.139214 0.373120 0.421813 0.378662 0.246849 0.150178 0.463557 0.312618 0.270728 0.312474 0.392258 0.297531 0.238547 0.180131 0.320657 0.462159 0.401020 0.305406 0.110392 0.258813 0.227455 0.252972 0.390216 0.143949 0.282169 0.281453 0.289634 0.297991 0.361066 0.420054 0.343246 0.367235 0.160397 0.213558 0.394939 0.145468 0.276804 0.219898 0.298472 0.339105 0.503291 0.391644 0.277198 0.460506 0.307847 0.401532 0.102134 0.164765 0.127202 0.361771 0.156085 0.132035 0.294461 0.216636 0.323129 0.251129 0.292162 0.275181 0.304252 0.200405 0.155262 0.118812 0.295639 0.146988 0.412857 0.161874 0.189765 0.277325 0.805480 0.268764 0.218999 0.228477 0.241373 0.259661 0.098777 0.314165 0.261962 0.275535 0.097902 0.419119 0.237766 0.374819 0.559268 0.383219 0.243376 0.532106 0.722846 0.222803 0.224490 0.368482 0.298237 0.089317 0.500761 0.283540 0.377866 0.231487 0.210602 0.128889 0.333916 0.160063 0.333099 0.097036 0.221451 0.301350 0.110573 0.117798 0.244423 0.265043 0.168116 0.281825 0.192171 0.272049 0.305502 0.323220 0.307754 0.394506 0.396518 0.229417 0.113337 0.254919 0.267477 0.250994 0.311231 0.401477 0.175573 0.351876 0.338834 0.149841 0.140276 0.202571 0.447080 0.641326 0.251860 0.334363 0.140276 0.241270 0.163309 0.141339 0.361659 0.320617 0.106518 0.355382 0.529762 0.245265 0.323461 0.211413 0.287789 0.371453 0.116425 0.097055 0.246500 0.213138 0.277104 0.192126 0.313962 0.202820 0.220275 0.372228 0.139922 0.165049 0.198243 0.267269 0.264438 0.099168 0.147693 0.309624 0.417465 0.303244 0.083494 0.162791 0.174074 0.104353 0.124031 0.354588 0.261503 0.285714 0.290353 0.268293 0.142743 0.085417 0.381231 0.171779 0.226129 0.420293 0.266821 0.111374 0.251246 0.199230 0.297749 0.215607 0.341174 0.482583 0.196141 0.151210 0.273382 0.370554
TcBrA4_0187000 0.537415 0.506872 0.707317 0.633278 0.509926 0.000000 0.656180 0.102139 0.735795 0.510482 0.593120 0.505067 0.714121 0.740769 0.765630 0.712085 0.498265 0.563793 0.712963 0.731975 0.518534 0.462030 0.451201 0.630571 0.520200 0.503263 0.512703 0.742594 0.506594 0.711864 0.463696 0.506594 0.487158 0.400666 0.673413 0.764956 0.568190 0.576387 0.481744 0.502846 0.683316 0.508122 0.547411 0.537554 0.742827 0.348837 0.738576 0.541441 0.484382 0.781484 0.517171 0.761346 0.613377 0.541243 0.626541 0.709905 0.561710 0.693374 0.770932 0.558406 0.692740 0.669801 0.562821 0.508399 0.764001 0.505484 0.663004 0.496737 0.602715 0.662420 0.647992 0.676394 0.740854 0.497709 0.754443 0.508260 0.595752 0.497432 0.595441 0.503818 0.507566 0.687738 0.773642 0.749787 0.733255 0.597567 0.752843 0.496043 0.751958 0.500764 0.494655 0.540469 0.179878 0.504234 0.672211 0.444398 0.732804 0.738095 0.734694 0.703290 0.513814 0.514508 0.508538 0.496460 0.506039 0.506733 0.663890 0.665567 0.696015 0.680054 0.740238 0.719915 0.683369 0.503679 0.797049 0.507844 0.673892 0.533528 0.499653 0.596279 0.767890 0.507427 0.693032 0.559813 0.679321 0.445786 0.503679 0.569901 0.589754 0.493544 0.508677 0.771719 0.745318 0.453422 0.663265 0.496460 0.492434 0.743141 0.663876 0.495904 0.530612 0.504512 0.500902 0.631667 0.512842 0.712200 0.640576 0.632648 0.495766 0.645345 0.768362 0.759283 0.768373 0.503679 0.623188 0.505623 0.733096 0.579064 0.500625 0.525059 0.504929 0.530890 0.494239 0.477162 0.581710 0.508816 0.735562 0.509232 0.617682 0.473553 0.721374 0.531029 0.724972 0.701382 0.717322 0.492017 0.456338 0.771280 0.496599 0.541580 0.726886 0.712169 0.708378 0.742827 0.609333 0.508816 0.763632 0.663984 0.704365 0.499792 0.499931 0.494377 0.740808 0.526031 0.537790 0.602633 0.502291 0.707940 0.534361 0.724409 0.529640 0.546649 0.553994 0.614140 0.681996 0.700971 0.560156 0.619669 0.729483 0.745361 0.562821 0.505345 0.518117 0.569485 0.742453 0.224806 0.216049 0.762970 0.696124 0.508955 0.537137 0.362217 0.652134 0.615176 0.268740 0.733333 0.456199 0.499792 0.556851 0.496460 0.536304 0.753555 0.501597 0.507150 0.625808 0.497432 0.653072 0.504234 0.755091 0.735887 0.539497 0.499931
TcBrA4_0187010 0.540480 0.248844 0.173780 0.265599 0.429253 0.656180 0.000000 0.470322 0.213068 0.302520 0.543653 0.419860 0.339361 0.206923 0.323077 0.322492 0.453407 0.404205 0.132716 0.149687 0.245117 0.310571 0.347100 0.461607 0.427762 0.283286 0.254958 0.150757 0.314298 0.275424 0.538095 0.221410 0.636648 0.523781 0.333448 0.314482 0.515993 0.622715 0.489787 0.230804 0.408608 0.516326 0.414940 0.388102 0.722635 0.191860 0.706695 0.531683 0.526763 0.506307 0.688406 0.200663 0.283893 0.067043 0.426638 0.365520 0.469659 0.365959 0.272775 0.166485 0.359118 0.187192 0.446250 0.358581 0.243121 0.246310 0.531833 0.248397 0.541076 0.234140 0.460220 0.461089 0.268293 0.277769 0.359047 0.211272 0.534410 0.220069 0.424482 0.255554 0.331594 0.539223 0.455345 0.276687 0.280846 0.560599 0.425494 0.264500 0.348564 0.399433 0.261816 0.286566 0.189024 0.276577 0.681018 0.315342 0.166667 0.181818 0.422741 0.657356 0.531832 0.355300 0.425675 0.442523 0.243626 0.497093 0.447294 0.719472 0.299604 0.272021 0.440476 0.706070 0.715352 0.290741 0.794038 0.219770 0.328658 0.364246 0.245117 0.537945 0.188991 0.377814 0.441986 0.582377 0.721279 0.291487 0.417176 0.376920 0.551812 0.277471 0.307887 0.522427 0.689139 0.397793 0.219388 0.253168 0.259580 0.122008 0.534500 0.214701 0.282541 0.295065 0.293127 0.122778 0.453854 0.384254 0.509653 0.171128 0.255703 0.443260 0.154157 0.164746 0.315945 0.281646 0.655072 0.255852 0.172598 0.377516 0.340987 0.273893 0.224691 0.315342 0.297003 0.289548 0.343907 0.371403 0.252280 0.337707 0.495619 0.263009 0.175573 0.394960 0.719472 0.716259 0.724761 0.305949 0.392426 0.554906 0.443865 0.359028 0.706695 0.713228 0.734889 0.722635 0.569131 0.283883 0.299011 0.149899 0.523810 0.230804 0.227225 0.267929 0.348616 0.283733 0.338104 0.249442 0.387207 0.370038 0.286417 0.261417 0.337260 0.314661 0.370101 0.511450 0.681018 0.693204 0.557179 0.411273 0.258359 0.135637 0.459073 0.228567 0.233487 0.396601 0.115607 0.711628 0.735802 0.175909 0.148837 0.422693 0.323095 0.200625 0.382498 0.650407 0.643541 0.085417 0.388549 0.252572 0.472044 0.343373 0.331147 0.213863 0.309378 0.285224 0.453755 0.438646 0.480115 0.294319 0.223473 0.122984 0.489041 0.312509
TcBrA4_0187020 0.257608 0.129557 0.716463 0.529376 0.189515 0.102139 0.470322 0.000000 0.724432 0.187105 0.195240 0.194637 0.757599 0.736923 0.776759 0.759329 0.186803 0.139500 0.709877 0.739028 0.198554 0.201868 0.187105 0.274480 0.274179 0.179873 0.134077 0.753127 0.124435 0.711864 0.205182 0.110575 0.059958 0.066285 0.769125 0.779993 0.240735 0.596264 0.069599 0.182585 0.709883 0.201567 0.199458 0.201868 0.670563 0.715116 0.674814 0.192528 0.099729 0.681531 0.191624 0.645978 0.477855 0.783051 0.775836 0.764194 0.218741 0.760502 0.756187 0.519651 0.750216 0.455258 0.182284 0.151250 0.753642 0.190118 0.739379 0.187105 0.406448 0.590841 0.776137 0.711414 0.753049 0.132570 0.758481 0.138596 0.763182 0.125339 0.137692 0.122025 0.134679 0.676314 0.203676 0.767720 0.743831 0.635131 0.759425 0.187105 0.749782 0.181380 0.185899 0.228683 0.108232 0.183489 0.676125 0.219644 0.724868 0.718615 0.725948 0.717567 0.139199 0.198855 0.141308 0.186502 0.133775 0.128955 0.199156 0.665567 0.631516 0.598976 0.769509 0.717785 0.703625 0.130461 0.804760 0.127448 0.780682 0.188008 0.138295 0.206387 0.755963 0.125942 0.412775 0.476650 0.720280 0.134077 0.209702 0.211811 0.384453 0.148237 0.215728 0.776137 0.749064 0.201868 0.729592 0.184694 0.178970 0.735552 0.776439 0.184393 0.209099 0.187406 0.195240 0.594155 0.185899 0.693431 0.647785 0.525761 0.143718 0.774330 0.751009 0.749040 0.771654 0.184393 0.669565 0.134378 0.717082 0.191925 0.182585 0.197650 0.143115 0.201868 0.184694 0.191925 0.229286 0.203375 0.756839 0.128051 0.777343 0.132269 0.717557 0.199156 0.733773 0.689692 0.676939 0.184092 0.149443 0.759584 0.191624 0.139500 0.675877 0.674074 0.729586 0.670563 0.623983 0.186803 0.593552 0.586924 0.716270 0.177162 0.192829 0.186803 0.753518 0.246761 0.188912 0.452245 0.192829 0.756144 0.183489 0.746457 0.186803 0.282615 0.115095 0.768906 0.676125 0.722330 0.195842 0.145827 0.759878 0.746001 0.176861 0.158783 0.158180 0.197047 0.737315 0.710078 0.182716 0.757457 0.706977 0.111178 0.136487 0.753318 0.766543 0.718157 0.206938 0.737500 0.128051 0.181079 0.136487 0.194637 0.134378 0.754147 0.147334 0.186201 0.770714 0.181681 0.196746 0.188912 0.759914 0.737903 0.201868 0.184393
TcBrA4_0187030 0.704545 0.187500 0.018293 0.159091 0.187500 0.735795 0.213068 0.724432 0.000000 0.147727 0.383523 0.380682 0.707386 0.147727 0.267045 0.732955 0.738636 0.153409 0.114198 0.139205 0.144886 0.156250 0.193182 0.147727 0.386364 0.170455 0.221591 0.201705 0.201705 0.377119 0.730114 0.224432 0.713068 0.755682 0.724432 0.380682 0.440341 0.724432 0.735795 0.196023 0.750000 0.727273 0.434659 0.386364 0.747159 0.793605 0.750000 0.724432 0.738636 0.227273 0.738636 0.213068 0.349432 0.727273 0.710227 0.727273 0.380682 0.741477 0.468750 0.744318 0.747159 0.301136 0.196023 0.218750 0.142045 0.159091 0.730114 0.159091 0.713068 0.267045 0.741477 0.715909 0.295732 0.198864 0.732955 0.218750 0.713068 0.218750 0.201705 0.201705 0.218750 0.721591 0.198864 0.377841 0.414773 0.710227 0.232955 0.150568 0.715909 0.380682 0.250000 0.204545 0.758523 0.133523 0.738636 0.380682 0.136364 0.156250 0.247813 0.744318 0.732955 0.247159 0.738636 0.747159 0.252841 0.232955 0.215909 0.721591 0.230114 0.196023 0.730114 0.730114 0.738636 0.221591 0.758523 0.218750 0.741477 0.303977 0.161932 0.156250 0.196023 0.255682 0.446023 0.732955 0.738636 0.213068 0.269886 0.176136 0.676136 0.176136 0.193182 0.494318 0.794007 0.232955 0.198980 0.244318 0.227273 0.218750 0.727273 0.198864 0.213068 0.306818 0.187500 0.198864 0.187500 0.732955 0.732955 0.190341 0.184659 0.738636 0.187500 0.184659 0.710227 0.278409 0.750725 0.210227 0.255682 0.176136 0.375000 0.198864 0.426136 0.232955 0.196023 0.261364 0.250000 0.198864 0.270517 0.224432 0.747159 0.147727 0.206107 0.207386 0.724432 0.738636 0.747159 0.247159 0.428977 0.764205 0.744318 0.181818 0.747159 0.761364 0.735795 0.747159 0.732955 0.173295 0.207386 0.289773 0.767045 0.284091 0.215909 0.295455 0.718750 0.170455 0.164773 0.173295 0.227273 0.741477 0.232955 0.250000 0.153409 0.201705 0.221591 0.738636 0.741477 0.750000 0.713068 0.241477 0.270517 0.207386 0.417614 0.210227 0.227273 0.181818 0.190341 0.769886 0.747159 0.210227 0.710227 0.724432 0.215909 0.730114 0.724432 0.786932 0.738636 0.400568 0.218750 0.193182 0.176136 0.448864 0.232955 0.213068 0.380682 0.210227 0.713068 0.673295 0.411932 0.380682 0.377841 0.281250 0.261364 0.383523
TcBrA4_0185680 0.169001 0.140134 0.115854 0.034186 0.047258 0.510482 0.302520 0.187105 0.147727 0.000000 0.346601 0.410345 0.135821 0.177692 0.114894 0.105101 0.253853 0.127783 0.083333 0.085423 0.182825 0.373944 0.186691 0.218391 0.337382 0.218678 0.181034 0.148782 0.274141 0.364407 0.270255 0.187165 0.331200 0.233429 0.159863 0.175548 0.367487 0.200341 0.177444 0.211686 0.125930 0.233605 0.245498 0.253785 0.092455 0.101744 0.090329 0.228871 0.352693 0.385717 0.250158 0.162417 0.411368 0.195480 0.155910 0.130543 0.283161 0.138588 0.246972 0.152838 0.145203 0.250634 0.468782 0.192720 0.100032 0.123290 0.275946 0.176628 0.336208 0.115924 0.181632 0.240597 0.250000 0.288282 0.201131 0.380364 0.252336 0.456801 0.160537 0.194135 0.352586 0.102056 0.206956 0.218617 0.374853 0.249727 0.460203 0.237758 0.101393 0.257950 0.128166 0.304470 0.094512 0.208346 0.083170 0.285920 0.111111 0.095238 0.244898 0.186220 0.157722 0.218163 0.313398 0.161282 0.189881 0.305764 0.146325 0.090209 0.285416 0.136278 0.387857 0.112886 0.133262 0.269559 0.787715 0.208045 0.130061 0.147554 0.239172 0.379615 0.092049 0.186556 0.269587 0.175433 0.050949 0.188305 0.260027 0.216762 0.525159 0.230762 0.323538 0.511804 0.726592 0.248355 0.173469 0.239635 0.149119 0.102160 0.336885 0.147164 0.189610 0.201193 0.161380 0.089444 0.175809 0.099062 0.292208 0.088432 0.218846 0.203980 0.102906 0.113103 0.128937 0.140657 0.078261 0.159195 0.170819 0.267332 0.275096 0.131414 0.215588 0.206291 0.192360 0.282832 0.109627 0.158372 0.224924 0.227932 0.165074 0.167402 0.206107 0.434061 0.297030 0.100956 0.091392 0.173287 0.161995 0.549058 0.227205 0.168099 0.091392 0.119577 0.116649 0.092455 0.286300 0.150578 0.154958 0.344567 0.531746 0.116431 0.128339 0.130581 0.153427 0.336687 0.104032 0.202142 0.208150 0.108223 0.129309 0.198425 0.328251 0.108364 0.165206 0.151218 0.095890 0.140777 0.191552 0.173942 0.224924 0.097889 0.241760 0.185920 0.306992 0.297096 0.093128 0.134884 0.185185 0.094216 0.113178 0.187179 0.156130 0.191257 0.250155 0.227642 0.137959 0.089583 0.353352 0.121935 0.305476 0.246240 0.292232 0.116114 0.277874 0.155031 0.177179 0.152741 0.158572 0.257534 0.182744 0.171371 0.213333 0.362682
TcBrA4_0187040 0.689762 0.317117 0.381098 0.369113 0.486978 0.593120 0.543653 0.195240 0.383523 0.346601 0.000000 0.482391 0.734129 0.277692 0.224550 0.758644 0.456347 0.392957 0.283951 0.206113 0.401802 0.402948 0.360688 0.465848 0.490418 0.390500 0.386568 0.241606 0.385258 0.427966 0.488616 0.393120 0.576249 0.585422 0.757461 0.107878 0.344815 0.767076 0.673219 0.391155 0.740170 0.284685 0.310401 0.399509 0.667375 0.677326 0.668438 0.470106 0.573628 0.489844 0.496806 0.312341 0.542015 0.753296 0.766497 0.751761 0.442588 0.749675 0.188520 0.162664 0.741573 0.512531 0.441114 0.400819 0.196504 0.392465 0.776731 0.386405 0.704177 0.317707 0.766181 0.700389 0.375000 0.449959 0.744750 0.408681 0.790144 0.401310 0.343817 0.391974 0.334971 0.715156 0.518919 0.139624 0.428907 0.785749 0.415919 0.362162 0.748042 0.258149 0.384930 0.431777 0.268293 0.302048 0.676125 0.382965 0.354497 0.370130 0.489796 0.742396 0.563145 0.467977 0.394595 0.438329 0.403767 0.296970 0.295495 0.680968 0.432923 0.364926 0.765476 0.696486 0.734542 0.384275 0.802770 0.392301 0.766018 0.399672 0.288288 0.404750 0.177676 0.397871 0.489762 0.728911 0.712288 0.394431 0.450287 0.464046 0.555938 0.277805 0.456183 0.652738 0.730337 0.371007 0.377551 0.357740 0.355446 0.197315 0.755200 0.361016 0.374120 0.300737 0.340704 0.327778 0.384767 0.715328 0.757985 0.340344 0.372318 0.785596 0.214286 0.226206 0.759186 0.404423 0.684058 0.397707 0.329181 0.310565 0.165602 0.355610 0.368059 0.448649 0.359541 0.402129 0.316639 0.370025 0.367781 0.416216 0.768817 0.326781 0.320611 0.391482 0.740374 0.709883 0.672689 0.357084 0.402785 0.690058 0.448812 0.400000 0.669501 0.686772 0.716861 0.667375 0.782965 0.304013 0.349226 0.474598 0.565476 0.296151 0.361179 0.355774 0.732183 0.490418 0.365509 0.370593 0.288124 0.726843 0.338411 0.390551 0.370352 0.254394 0.322309 0.765540 0.678082 0.701942 0.433579 0.417628 0.361702 0.211132 0.346110 0.389025 0.381654 0.278952 0.208735 0.711628 0.165432 0.279964 0.319380 0.465192 0.378378 0.771272 0.754174 0.433604 0.230064 0.169792 0.402785 0.263063 0.404095 0.392465 0.374775 0.212085 0.286159 0.388206 0.756853 0.369042 0.239296 0.283866 0.125938 0.274194 0.368387 0.280426
TcBrA4_0185690 0.277043 0.325357 0.289634 0.125030 0.437117 0.505067 0.419860 0.194637 0.380682 0.410345 0.482391 0.000000 0.131974 0.250769 0.152209 0.187607 0.329402 0.418320 0.262346 0.168495 0.385097 0.323349 0.352272 0.343997 0.307453 0.324866 0.455666 0.203423 0.488992 0.406780 0.195729 0.341617 0.345635 0.377614 0.175643 0.044132 0.306327 0.241711 0.434997 0.400995 0.138682 0.346029 0.267411 0.123641 0.275239 0.191860 0.274176 0.436031 0.374778 0.382296 0.374606 0.141764 0.516797 0.254614 0.270728 0.273518 0.068171 0.094846 0.136914 0.100437 0.097234 0.380355 0.410992 0.350230 0.148592 0.336929 0.402756 0.342652 0.444225 0.144459 0.134305 0.145914 0.371951 0.322215 0.300889 0.386949 0.335429 0.411415 0.386799 0.369423 0.484450 0.210967 0.339178 0.072588 0.379553 0.305881 0.555356 0.327482 0.177981 0.273707 0.216999 0.420343 0.109756 0.363449 0.279843 0.136398 0.349206 0.363636 0.472303 0.325885 0.334089 0.463517 0.369204 0.199417 0.536360 0.377386 0.369748 0.286029 0.317755 0.163052 0.371667 0.255591 0.256930 0.385362 0.804276 0.300231 0.274785 0.484112 0.342947 0.451146 0.142813 0.332532 0.352273 0.310797 0.391608 0.371033 0.325753 0.359274 0.564539 0.348943 0.361788 0.543437 0.737828 0.387437 0.346939 0.278377 0.336095 0.153532 0.469812 0.307907 0.314792 0.333045 0.280307 0.139167 0.353584 0.179353 0.375921 0.119742 0.346451 0.281213 0.153753 0.163466 0.204396 0.341292 0.324638 0.408596 0.309609 0.439447 0.157604 0.446130 0.371268 0.426573 0.329400 0.406667 0.153960 0.300251 0.361702 0.500199 0.347272 0.319455 0.316794 0.379740 0.399340 0.276302 0.276302 0.306659 0.309192 0.556855 0.297556 0.337646 0.316684 0.296296 0.284199 0.275239 0.278259 0.343449 0.177530 0.244970 0.551587 0.334006 0.299942 0.288780 0.192011 0.287631 0.348403 0.130076 0.293960 0.244329 0.354131 0.398425 0.292482 0.146996 0.321647 0.389495 0.292564 0.340777 0.409731 0.230473 0.358663 0.159949 0.354209 0.336103 0.385300 0.271193 0.160565 0.213953 0.161728 0.145200 0.137984 0.256199 0.358312 0.238095 0.207792 0.208672 0.168660 0.121875 0.401641 0.311207 0.488569 0.409364 0.225623 0.158768 0.234497 0.345691 0.192333 0.082404 0.047216 0.079941 0.069668 0.260081 0.260438 0.103984
TcBrA4_0186060 0.124663 0.137745 0.707317 0.745671 0.379761 0.714121 0.339361 0.757599 0.707386 0.135821 0.734129 0.131974 0.000000 0.755385 0.750673 0.111581 0.141593 0.751443 0.722222 0.737461 0.138900 0.118122 0.116583 0.746826 0.152366 0.118892 0.116199 0.744569 0.122355 0.716102 0.103501 0.121585 0.486341 0.329742 0.076953 0.755675 0.754521 0.053867 0.330512 0.117353 0.083422 0.045402 0.058099 0.039246 0.156217 0.119186 0.156217 0.093113 0.393998 0.744517 0.711427 0.724125 0.439785 0.345902 0.147749 0.184418 0.726048 0.050671 0.749342 0.737991 0.041919 0.334359 0.695652 0.140823 0.752597 0.138900 0.117353 0.138900 0.148134 0.731050 0.069257 0.156939 0.722561 0.155444 0.186187 0.147749 0.157753 0.132743 0.738361 0.123124 0.135437 0.115004 0.736437 0.757899 0.729730 0.266256 0.761221 0.334744 0.149695 0.073105 0.131589 0.138515 0.717988 0.363217 0.148728 0.041939 0.701058 0.686147 0.725948 0.316574 0.151212 0.510196 0.153905 0.448249 0.168142 0.141208 0.748750 0.163916 0.741824 0.713351 0.161985 0.178914 0.136461 0.138130 0.801847 0.111581 0.141978 0.599846 0.141593 0.170065 0.763755 0.121585 0.735668 0.294729 0.211788 0.142362 0.116199 0.120046 0.454790 0.131204 0.121200 0.751058 0.734082 0.124279 0.724490 0.148903 0.119277 0.747811 0.388611 0.145441 0.137361 0.120046 0.116199 0.729511 0.564063 0.149114 0.116968 0.715660 0.125048 0.170450 0.761501 0.753735 0.148519 0.149288 0.107246 0.115814 0.679715 0.646402 0.076953 0.138130 0.258946 0.138900 0.143517 0.141208 0.731050 0.124279 0.693009 0.160831 0.134667 0.135437 0.732824 0.154675 0.312431 0.164718 0.157279 0.154290 0.121970 0.751787 0.121200 0.174683 0.158342 0.186243 0.170732 0.156217 0.154675 0.122740 0.736052 0.734898 0.710317 0.115044 0.138900 0.118507 0.162960 0.118122 0.743748 0.734513 0.140054 0.113894 0.139669 0.707087 0.132359 0.732205 0.749904 0.138900 0.155577 0.242718 0.609465 0.746826 0.696049 0.739603 0.741824 0.132743 0.117353 0.750289 0.748234 0.764341 0.745679 0.723740 0.720930 0.135821 0.120431 0.473068 0.135052 0.739837 0.771930 0.717708 0.155060 0.121585 0.216622 0.253559 0.126972 0.729265 0.065795 0.126587 0.070027 0.040400 0.715660 0.179300 0.746517 0.717742 0.084263 0.123894
TcBrA4_0187070 0.733077 0.181538 0.112805 0.176154 0.176154 0.740769 0.206923 0.736923 0.147727 0.177692 0.277692 0.250769 0.755385 0.000000 0.220000 0.742308 0.745385 0.143846 0.098765 0.114420 0.143846 0.154615 0.172308 0.143846 0.270000 0.183846 0.190769 0.196923 0.179231 0.326271 0.745385 0.189231 0.730769 0.731538 0.752308 0.230000 0.395385 0.733077 0.749231 0.189231 0.727692 0.677692 0.240000 0.218462 0.736451 0.662791 0.738576 0.683846 0.737692 0.202308 0.756923 0.198462 0.330000 0.743846 0.740769 0.750769 0.251538 0.747692 0.282308 0.740000 0.743077 0.206154 0.213846 0.410000 0.152308 0.156154 0.748462 0.150769 0.753077 0.260769 0.741538 0.745385 0.213415 0.189231 0.743077 0.194615 0.753846 0.203077 0.186154 0.197692 0.199231 0.752308 0.186154 0.245385 0.387779 0.748462 0.348462 0.155385 0.758462 0.258462 0.203846 0.188462 0.739329 0.162308 0.730920 0.248462 0.108466 0.160173 0.259475 0.740000 0.732308 0.203846 0.375385 0.735385 0.226154 0.200769 0.188462 0.753575 0.230769 0.315385 0.743846 0.717785 0.737740 0.320000 0.787692 0.187692 0.753077 0.386154 0.152308 0.182308 0.183846 0.236923 0.260000 0.728462 0.735265 0.185385 0.258462 0.197692 0.445385 0.186923 0.293846 0.506923 0.767790 0.199231 0.158163 0.200000 0.194615 0.186923 0.749231 0.187692 0.190769 0.210769 0.182308 0.187692 0.176154 0.742308 0.762308 0.180000 0.187692 0.723077 0.179231 0.181538 0.751538 0.270000 0.710145 0.189231 0.199288 0.186154 0.240000 0.189231 0.256923 0.200769 0.189231 0.200000 0.216923 0.187692 0.215805 0.195385 0.742308 0.161538 0.202290 0.191538 0.728273 0.726886 0.739639 0.193846 0.324615 0.766923 0.748462 0.178462 0.738576 0.733333 0.739130 0.736451 0.748462 0.181538 0.201538 0.263846 0.563492 0.190769 0.193846 0.201538 0.747692 0.179231 0.181538 0.174615 0.188462 0.743077 0.197692 0.285039 0.147692 0.184615 0.193077 0.755385 0.745597 0.741748 0.747692 0.190000 0.203647 0.195385 0.256154 0.195385 0.200000 0.187692 0.201538 0.748837 0.767901 0.188462 0.744186 0.728462 0.196923 0.783763 0.745385 0.750678 0.750000 0.191667 0.246923 0.180000 0.180000 0.274615 0.190000 0.202308 0.247692 0.180769 0.753846 0.733846 0.256154 0.251538 0.243077 0.143145 0.220769 0.244615
TcBrA4_0187050 0.752537 0.107365 0.274390 0.112275 0.122095 0.765630 0.323077 0.776759 0.267045 0.114894 0.224550 0.152209 0.750673 0.220000 0.000000 0.741869 0.613421 0.051718 0.348765 0.144201 0.091326 0.107365 0.129296 0.152864 0.223241 0.123732 0.119149 0.208032 0.106056 0.601695 0.621931 0.114894 0.776432 0.774141 0.738937 0.186579 0.379051 0.737807 0.769231 0.123732 0.740701 0.330933 0.199345 0.208838 0.717322 0.671512 0.717322 0.418985 0.772177 0.199673 0.687070 0.118494 0.253028 0.764595 0.753191 0.755906 0.190507 0.729320 0.317536 0.321507 0.745030 0.231751 0.335516 0.124386 0.100491 0.080524 0.757774 0.090016 0.732242 0.122750 0.768903 0.718547 0.475610 0.212439 0.734249 0.116530 0.742062 0.119804 0.208838 0.120131 0.132897 0.722011 0.205892 0.230572 0.359577 0.755483 0.542190 0.078560 0.748042 0.200000 0.113584 0.230769 0.692073 0.079869 0.736791 0.143044 0.320106 0.331169 0.489796 0.739292 0.747954 0.217349 0.372504 0.600655 0.112275 0.121440 0.146645 0.709571 0.139116 0.214403 0.751555 0.730564 0.721748 0.145990 0.796727 0.117512 0.740098 0.184288 0.090998 0.112602 0.117185 0.132570 0.122422 0.769558 0.719281 0.232079 0.340098 0.143044 0.512602 0.126023 0.121768 0.560720 0.711610 0.150245 0.433673 0.113257 0.121440 0.135435 0.746972 0.112602 0.158101 0.112602 0.129951 0.225859 0.108347 0.731491 0.748609 0.108674 0.119804 0.747300 0.125908 0.134016 0.742782 0.127332 0.675362 0.112930 0.288256 0.164975 0.139771 0.156465 0.115548 0.309002 0.121113 0.118167 0.165957 0.164648 0.401216 0.228151 0.747627 0.103764 0.339695 0.267103 0.724972 0.717322 0.715197 0.109984 0.213421 0.559454 0.377414 0.224550 0.717322 0.717460 0.715801 0.717322 0.749918 0.114894 0.119476 0.240262 0.529762 0.117185 0.114566 0.109984 0.730822 0.117840 0.117840 0.119149 0.124386 0.739603 0.123404 0.392126 0.147954 0.109002 0.122422 0.751227 0.734834 0.733010 0.377414 0.124714 0.382979 0.161228 0.127660 0.109656 0.116530 0.125041 0.148362 0.750388 0.740741 0.127660 0.088372 0.601964 0.128969 0.765808 0.745663 0.710027 0.769936 0.131250 0.364975 0.115548 0.155810 0.128314 0.120786 0.159360 0.140753 0.111948 0.742390 0.597054 0.203273 0.142390 0.220257 0.276210 0.212766 0.136825
TcBrA4_0185890 0.090038 0.113660 0.685976 0.725779 0.185211 0.712085 0.322492 0.759329 0.732955 0.105101 0.758644 0.187607 0.111581 0.742308 0.741869 0.000000 0.074974 0.737761 0.679012 0.726489 0.083533 0.062650 0.071208 0.762068 0.226635 0.099623 0.092434 0.759052 0.119822 0.728814 0.163300 0.090380 0.540226 0.310168 0.137564 0.758302 0.738103 0.146868 0.310510 0.095173 0.128055 0.147210 0.150976 0.120849 0.093518 0.104651 0.090329 0.182472 0.413899 0.756933 0.755906 0.738788 0.420062 0.264407 0.121534 0.115209 0.748716 0.122564 0.745129 0.730895 0.103284 0.314618 0.641219 0.063334 0.760356 0.086614 0.090038 0.064362 0.093119 0.737761 0.156453 0.216602 0.731707 0.122561 0.120759 0.098254 0.133858 0.125984 0.748031 0.109894 0.106470 0.093679 0.760698 0.754056 0.728555 0.241356 0.761819 0.286203 0.060052 0.155769 0.100650 0.099966 0.705793 0.325231 0.089041 0.125642 0.727513 0.738095 0.717201 0.256983 0.120164 0.406025 0.129065 0.415269 0.144813 0.121876 0.761383 0.082508 0.739815 0.729887 0.193085 0.112886 0.133262 0.110921 0.811024 0.110236 0.078055 0.556316 0.088668 0.112975 0.747347 0.116741 0.737076 0.325573 0.073926 0.109552 0.129750 0.108182 0.480657 0.118795 0.126327 0.765834 0.741573 0.122903 0.683673 0.134885 0.112975 0.732633 0.340637 0.118795 0.098596 0.090722 0.095858 0.730572 0.533037 0.094891 0.114002 0.721328 0.112290 0.146525 0.740920 0.756722 0.121876 0.121191 0.066667 0.100650 0.676157 0.592263 0.140705 0.115371 0.207121 0.132489 0.119137 0.098939 0.749401 0.097912 0.717325 0.106470 0.110236 0.114002 0.732824 0.276275 0.293729 0.100956 0.090329 0.125642 0.094831 0.746589 0.132831 0.173228 0.091392 0.120635 0.112407 0.093518 0.142759 0.115371 0.720301 0.755906 0.698413 0.118795 0.137966 0.121534 0.146618 0.094488 0.731599 0.747347 0.096885 0.094045 0.116398 0.615748 0.070866 0.735022 0.751797 0.094488 0.099804 0.146602 0.608011 0.731941 0.711246 0.741523 0.720986 0.092434 0.103047 0.726464 0.744380 0.747287 0.760494 0.719274 0.708527 0.098254 0.094146 0.265418 0.128381 0.710027 0.781499 0.725000 0.106470 0.095515 0.168778 0.198220 0.115714 0.752370 0.127354 0.154742 0.128038 0.123588 0.723382 0.219445 0.741158 0.727823 0.170490 0.213283
TcBrA4_0186090 0.325162 0.283512 0.716463 0.479321 0.350187 0.498265 0.453407 0.186803 0.738636 0.253853 0.456347 0.329402 0.141593 0.745385 0.613421 0.074974 0.000000 0.384923 0.743827 0.728056 0.177604 0.204110 0.365600 0.381803 0.227347 0.286198 0.167445 0.747860 0.211700 0.724576 0.207146 0.242060 0.312406 0.284680 0.132075 0.667212 0.451318 0.269290 0.358988 0.189514 0.147715 0.177254 0.194652 0.188113 0.082891 0.098837 0.080765 0.316558 0.502658 0.683985 0.279301 0.542580 0.590732 0.212429 0.172589 0.138831 0.562377 0.135123 0.739336 0.195415 0.109767 0.449172 0.493111 0.201191 0.612496 0.162658 0.342578 0.114316 0.341722 0.500892 0.272704 0.238651 0.734756 0.403083 0.226575 0.224895 0.283263 0.249416 0.455181 0.157520 0.228865 0.092155 0.507905 0.751921 0.750881 0.301981 0.753441 0.172233 0.070061 0.263195 0.291336 0.250584 0.115854 0.212401 0.132094 0.263779 0.746032 0.699134 0.734694 0.510242 0.233056 0.502802 0.290285 0.245914 0.254904 0.247781 0.453782 0.132013 0.543292 0.478447 0.256667 0.103301 0.262260 0.212284 0.787413 0.211233 0.068856 0.301495 0.130663 0.213218 0.594495 0.214970 0.476077 0.344019 0.128871 0.248365 0.156586 0.176436 0.551611 0.158104 0.305698 0.762512 0.707865 0.361513 0.693878 0.174918 0.168146 0.748395 0.357433 0.172116 0.281294 0.140939 0.257940 0.456111 0.301611 0.097497 0.190067 0.475621 0.194068 0.303246 0.753834 0.757576 0.112861 0.183909 0.063768 0.306049 0.661922 0.427604 0.204811 0.295423 0.248599 0.239374 0.221392 0.344465 0.429790 0.253853 0.693009 0.301845 0.199522 0.281994 0.702290 0.315390 0.290429 0.092455 0.081828 0.234703 0.220224 0.744639 0.179005 0.428071 0.081828 0.110053 0.104984 0.082891 0.286615 0.121789 0.510525 0.512575 0.734127 0.209248 0.214152 0.140005 0.156605 0.283512 0.385931 0.454038 0.158220 0.093573 0.263195 0.751181 0.207380 0.421480 0.436745 0.241185 0.145793 0.178641 0.337376 0.393711 0.693009 0.735765 0.460700 0.245446 0.254320 0.448980 0.734746 0.203101 0.160494 0.582886 0.658915 0.246614 0.269500 0.179547 0.150897 0.233062 0.133971 0.713542 0.251752 0.140705 0.387786 0.246964 0.430990 0.749408 0.182858 0.229799 0.210163 0.185544 0.418683 0.263895 0.732583 0.709677 0.300677 0.253620
TcBrA4_0187080 0.397017 0.122459 0.121951 0.077456 0.142425 0.563793 0.404205 0.139500 0.153409 0.127783 0.392957 0.418320 0.751443 0.143846 0.051718 0.737761 0.384923 0.000000 0.092593 0.052508 0.074903 0.106607 0.113383 0.127545 0.376452 0.119676 0.125363 0.111257 0.252662 0.343220 0.452444 0.121370 0.390712 0.334427 0.749914 0.169336 0.361687 0.470871 0.372249 0.116409 0.700850 0.265005 0.242256 0.362778 0.674814 0.665698 0.675877 0.329259 0.341922 0.412871 0.195022 0.125191 0.478554 0.754802 0.609620 0.743473 0.518738 0.728021 0.243286 0.134825 0.733794 0.456038 0.331680 0.121612 0.062480 0.046588 0.570556 0.096563 0.413827 0.097325 0.688923 0.691958 0.237805 0.161786 0.729806 0.231607 0.489210 0.337125 0.149490 0.127541 0.281341 0.728865 0.184536 0.211358 0.309048 0.478085 0.503890 0.260165 0.724108 0.345837 0.133591 0.322967 0.092988 0.095474 0.679061 0.314255 0.103175 0.099567 0.253644 0.736809 0.373142 0.171467 0.225678 0.268086 0.124879 0.118224 0.131519 0.677668 0.289380 0.128514 0.747619 0.707135 0.702559 0.168562 0.797952 0.128267 0.719796 0.174855 0.102372 0.277953 0.092661 0.144119 0.232955 0.414396 0.720280 0.201597 0.266215 0.316070 0.525895 0.249032 0.349226 0.550519 0.711610 0.146781 0.163265 0.132260 0.196152 0.082896 0.629376 0.133712 0.208495 0.129356 0.122701 0.088611 0.122217 0.713243 0.464022 0.070507 0.127420 0.599384 0.082324 0.088348 0.738189 0.124637 0.666667 0.128993 0.193950 0.168562 0.149685 0.305784 0.199782 0.323572 0.136254 0.230760 0.134483 0.138311 0.240122 0.178727 0.538630 0.320305 0.213740 0.382865 0.723872 0.700319 0.680128 0.128751 0.169652 0.593892 0.239230 0.196636 0.676939 0.692063 0.716861 0.674814 0.465553 0.119676 0.104489 0.194416 0.533730 0.122096 0.127783 0.125000 0.741716 0.143393 0.104556 0.085230 0.125242 0.726371 0.127420 0.281890 0.173524 0.098126 0.165206 0.477826 0.708415 0.709709 0.197965 0.120589 0.227964 0.089571 0.123605 0.126210 0.129719 0.133176 0.082852 0.130233 0.161728 0.093023 0.099225 0.318732 0.133228 0.386417 0.706555 0.159892 0.148325 0.081250 0.270329 0.127057 0.290174 0.277711 0.123427 0.104858 0.156099 0.120644 0.633831 0.329622 0.233711 0.323451 0.192390 0.145161 0.247459 0.176912
