TcBrA4_0186050 0.000000 0.032555 1.000000 0.668420 0.053826 0.232681 0.688534 1.000000 0.923077 0.081479 0.177432 0.410636 1.000000 1.000000 0.167575 0.133204 0.114267 0.500623 0.133982 1.000000 0.175746 1.000000 0.215579 0.160585 0.165110 0.724375 0.125422 0.173335 1.000000 0.179118 0.153877 0.149935 0.193713 0.154475 0.500070 0.173800 0.146693 0.140899 0.518396 0.165629 0.172503 0.148638 0.269131 0.170039 0.257328 0.151492 0.136057 0.468321 0.052805 0.708742 0.173671 0.749172 0.170558 0.178210 0.192996 0.865138 0.169779 0.507626 0.131575 0.047952 0.166796 0.169390 0.185344 0.395850 0.186641 0.179767 0.769358 0.599251 0.178599 1.000000 0.157588 0.149027 1.000000 0.193303 0.149416 0.177691 0.165370 0.174060 0.711667 0.321271 0.151199 0.203229 0.697658 0.182361 0.193556 1.000000 1.000000 0.152887 0.174189 0.104348 0.138132 1.000000 0.322438 0.151751 0.152918 0.202205 0.163813 0.137224 0.126719 0.560378 0.175357 1.000000 0.169390 0.157905 0.176005 1.000000 0.183528 0.210121 0.116897 0.114772 0.143450 0.161479 1.000000 0.151881 0.189624 0.115834 0.131217 0.149523 0.116897 0.166640 0.142672 0.738270 0.731388 1.000000 0.168223 0.186770 0.145136 0.179755 0.180934 0.559434 0.662651 0.171984 0.098299 0.143191 1.000000 0.126719 0.601700 0.542914 0.165940 0.146771 0.148544 0.416423 0.546747 1.000000 1.000000 0.418807 0.131388 0.135149 0.485348 1.000000 0.168992 0.159259 0.836315 1.000000 0.154086 0.139818 0.169399 0.132962 0.224932 0.133573 1.000000 0.172374 0.162387 0.172892 0.206096 0.145655 1.000000 0.154734 0.139818 0.160686 0.153956 0.548824 0.188716 1.000000 1.000000 0.156809 0.178599
TcBrA4_0186040 0.032555 0.000000 0.170732 0.025102 0.030004 0.192559 0.334427 0.194615 0.166612 0.094831 0.160906 0.159487 0.151235 0.132445 0.155483 0.110887 0.096799 0.171998 0.117833 0.135616 0.155176 0.411017 0.175814 0.120405 0.156217 0.085161 0.110196 0.170790 0.292683 0.163895 0.163974 0.129319 0.190994 0.130818 0.167249 0.158750 0.128458 0.146992 0.173613 0.158001 0.152623 0.138574 0.149396 0.151108 0.142911 0.128030 0.118373 0.134454 0.093509 0.189234 0.155795 0.592291 0.153580 0.164814 0.179979 0.141590 0.160881 0.163577 0.127350 0.070929 0.153780 0.180676 0.161533 0.378878 0.160761 0.158782 0.330028 0.456929 0.165892 0.204082 0.122148 0.123880 0.091068 0.194825 0.123278 0.155267 0.152241 0.161476 0.122778 0.163899 0.155370 0.197262 0.122132 0.164255 0.194504 0.137611 0.144686 0.157480 0.161067 0.115942 0.120417 0.199288 0.159719 0.137839 0.121751 0.154578 0.126940 0.110251 0.101547 0.090336 0.162134 0.297872 0.154871 0.154918 0.156754 0.179389 0.153908 0.217822 0.129649 0.128587 0.118199 0.151705 0.328785 0.125399 0.164816 0.128587 0.143915 0.162248 0.129649 0.163960 0.116185 0.133147 0.157948 0.388889 0.150755 0.159698 0.121825 0.177939 0.163170 0.138768 0.127845 0.157622 0.105388 0.120836 0.274016 0.107979 0.143713 0.145031 0.165213 0.166341 0.166019 0.193225 0.149523 0.291793 0.090851 0.117267 0.115631 0.120130 0.167059 0.122030 0.141085 0.158025 0.088253 0.103876 0.147069 0.126161 0.172521 0.137910 0.216802 0.127990 0.133333 0.167799 0.149904 0.155812 0.157309 0.122148 0.102488 0.141476 0.115070 0.160018 0.138490 0.136402 0.147358 0.189175 0.157258 0.135377 0.145092
TcBrA4_0186990 1.000000 0.170732 0.000000 0.158537 0.173781 1.000000 0.164634 0.112805 0.271341 1.000000 1.000000 0.121951 0.080247 0.106707 0.106707 0.152439 0.176829 0.112805 0.234756 0.167683 0.158537 0.381356 1.000000 1.000000 0.198171 0.219512 0.149390 1.000000 0.286585 0.170732 1.000000 0.240854 1.000000 0.240854 0.173781 0.210366 0.240854 1.000000 0.170732 0.289634 0.265244 1.000000 0.243902 0.902439 1.000000 0.243902 0.240854 0.225610 1.000000 0.237805 0.131098 0.609756 0.170732 0.131098 0.125000 0.222561 0.256098 0.509146 1.000000 1.000000 0.250000 0.234756 0.140244 0.685976 0.140244 0.152439 0.368902 0.985019 0.243902 0.122449 0.253049 0.234756 0.246951 1.000000 0.231707 0.256098 0.292683 0.134146 0.149390 0.137195 1.000000 1.000000 0.131098 0.234756 1.000000 0.128049 0.134146 1.000000 0.231707 1.000000 0.219512 0.161585 0.137195 0.353659 0.195122 0.530488 0.225610 0.167683 0.176829 0.207317 0.240854 0.274390 0.161585 1.000000 0.112805 0.148855 0.170732 1.000000 1.000000 1.000000 0.243902 0.533537 1.000000 1.000000 0.134146 1.000000 1.000000 1.000000 1.000000 1.000000 0.201219 0.149390 0.259146 0.728659 0.182927 0.173781 0.231707 1.000000 0.128049 0.121951 0.131098 0.140244 1.000000 0.246951 0.201219 0.149390 0.207317 0.167683 1.000000 1.000000 1.000000 1.000000 0.228659 0.277439 0.213415 0.466463 0.237805 0.250000 0.143293 0.149390 1.000000 1.000000 0.231707 1.000000 1.000000 0.240854 1.000000 1.000000 1.000000 1.000000 0.420732 0.265244 0.146341 0.137195 0.533537 0.246951 0.216463 0.344512 0.219512 1.000000 1.000000 0.347561 0.344512 0.347561 0.176829 0.268293 0.347561
TcBrA4_0186980 0.668420 0.025102 0.158537 0.000000 0.032273 0.633517 0.168778 0.193077 0.167921 1.000000 0.490318 0.130289 0.132716 0.133229 0.135788 0.078652 0.093713 0.141525 0.082238 0.141540 0.125508 0.402542 0.632560 0.627779 0.135549 0.083886 0.072675 0.819029 0.268293 0.129333 1.000000 0.091561 1.000000 0.084628 0.131963 0.122400 0.094669 1.000000 0.140808 0.136266 0.153478 0.622520 0.100885 0.244322 0.439876 0.087019 0.087019 0.102319 1.000000 0.130050 0.138656 0.838904 0.123835 0.131963 0.143677 0.138838 0.136744 0.158977 0.860387 1.000000 0.126942 0.189099 0.139135 0.335166 0.135071 0.140330 0.325604 0.865169 0.144155 0.168367 0.081999 0.082477 0.095155 1.000000 0.079608 0.146067 0.135549 0.130289 0.123611 0.128138 1.000000 1.000000 0.122400 0.131006 1.000000 0.135997 0.144686 1.000000 0.132202 1.000000 0.075783 0.217082 0.136027 0.099450 0.094908 0.143916 0.211332 0.068611 0.060722 0.098016 0.145828 0.270517 0.192685 1.000000 0.115467 0.183206 0.212049 1.000000 1.000000 1.000000 0.080325 0.164236 0.331384 0.280660 0.128855 1.000000 1.000000 1.000000 1.000000 0.964619 0.077456 0.132894 0.159205 0.390873 0.124313 0.125986 0.082238 1.000000 0.122161 0.124074 0.123356 0.125986 1.000000 0.082477 0.285039 0.071958 0.129572 0.129572 1.000000 1.000000 1.000000 0.309825 0.142481 0.267477 0.092131 0.097299 0.075544 0.077695 0.131485 0.133590 1.000000 1.000000 0.085868 0.099225 0.466890 0.086541 1.000000 1.000000 1.000000 0.728469 0.136458 0.147980 0.125030 0.124313 0.153000 0.085106 0.103673 0.104231 0.076500 1.000000 0.453263 0.103275 0.102797 0.190247 0.171371 0.117858 0.100167
TcBrA4_0186030 0.053826 0.030004 0.173781 0.032273 0.000000 0.211717 0.341583 0.191538 0.170540 0.131119 0.180640 0.170135 0.154321 0.129310 0.171946 0.128264 0.114116 0.181138 0.133244 0.138907 0.172074 0.398305 0.197603 0.142681 0.171492 0.099439 0.125863 0.189170 0.286585 0.178698 0.207997 0.145514 0.211045 0.148102 0.172423 0.173558 0.144651 0.169840 0.178787 0.173158 0.169495 0.159612 0.164095 0.165572 0.161916 0.144575 0.135531 0.142857 0.096810 0.201544 0.174335 0.598013 0.172152 0.181461 0.193403 0.155352 0.175594 0.171950 0.144689 0.079920 0.169744 0.194205 0.179106 0.392204 0.178140 0.174005 0.335694 0.453184 0.183120 0.209184 0.140402 0.141412 0.091652 0.220700 0.140229 0.172100 0.170706 0.177051 0.136111 0.179305 0.188217 0.220779 0.134560 0.180941 0.219379 0.142050 0.149808 0.189633 0.178300 0.162319 0.135449 0.199288 0.176832 0.153278 0.138371 0.170908 0.145629 0.127563 0.116918 0.100352 0.178337 0.291793 0.170577 0.179411 0.173350 0.167939 0.170707 0.238724 0.148778 0.147715 0.135788 0.169149 0.333333 0.142933 0.181809 0.147715 0.162963 0.181336 0.148778 0.182563 0.134393 0.146082 0.172284 0.386905 0.166426 0.176345 0.139338 0.217885 0.180023 0.148717 0.139670 0.173921 0.151701 0.138167 0.269291 0.125527 0.151246 0.154291 0.186841 0.176125 0.177670 0.200335 0.157384 0.285714 0.093410 0.125634 0.130560 0.134202 0.176609 0.129094 0.161240 0.151852 0.102266 0.110078 0.165581 0.140529 0.212334 0.170686 0.219512 0.127990 0.133333 0.183378 0.166219 0.173199 0.173652 0.138993 0.105450 0.157017 0.133077 0.185425 0.158143 0.144356 0.163209 0.190782 0.153226 0.152895 0.162002
TcBrA4_0187000 0.232681 0.192559 1.000000 0.633517 0.211717 0.000000 0.651409 1.000000 0.841244 0.397467 0.228099 0.385395 1.000000 1.000000 0.219770 0.203110 0.191726 0.494516 0.191170 1.000000 0.224351 1.000000 0.181452 0.100791 0.216993 0.665732 0.195335 0.321363 1.000000 0.214355 0.433764 0.195891 0.346984 0.191309 0.492658 0.212967 0.190060 0.607007 0.509054 0.215605 0.225184 0.193530 0.238928 0.219214 0.231015 0.195474 0.188671 0.445925 0.774477 0.652201 0.218104 0.830473 0.216576 0.228377 0.247119 0.789602 0.208247 0.510616 0.286027 0.725275 0.214494 0.222269 0.233791 0.424962 0.232264 0.230598 0.729698 0.715356 0.229488 1.000000 0.193947 0.192975 1.000000 0.380517 0.192559 0.224767 0.220186 0.221019 0.646944 0.289324 0.494265 0.365742 0.647228 0.217826 0.371476 1.000000 1.000000 0.400591 0.214772 1.000000 0.193947 1.000000 0.290851 0.195058 0.197557 0.243926 0.198251 0.198251 0.197279 0.530514 0.226295 1.000000 0.222963 0.345480 0.224629 1.000000 0.230598 0.771177 0.719447 0.719447 0.200333 0.212412 1.000000 0.201166 0.229349 0.719447 0.730159 0.720042 0.716259 0.325713 0.191864 0.678164 0.670775 1.000000 0.218242 0.223657 0.194780 0.430776 0.235735 0.540932 0.619589 0.220186 0.431947 0.191448 1.000000 0.196307 0.559977 0.526873 0.351872 0.729941 0.732039 0.422557 0.535708 1.000000 1.000000 0.384145 0.190199 0.190754 0.452728 1.000000 0.189147 0.181481 0.760286 1.000000 0.173261 0.191864 0.237315 0.372294 0.403794 0.188198 1.000000 0.216021 0.219770 0.220047 0.247952 0.190476 1.000000 0.197695 0.194225 0.341877 0.198945 0.532577 0.200611 1.000000 1.000000 0.204776 0.220186
TcBrA4_0187010 0.688534 0.334427 0.164634 0.168778 0.341583 0.651409 0.000000 0.178462 0.136825 1.000000 0.564187 0.310720 0.120370 0.111285 0.315193 0.341733 0.350529 0.316535 0.326972 0.098091 0.298196 0.334746 0.650663 0.640823 0.301774 0.153238 0.334128 0.763829 0.286585 0.297749 1.000000 0.330401 0.850467 0.326077 0.301178 0.295810 0.331296 1.000000 0.305651 0.350828 0.357388 0.646787 0.344714 0.416729 0.541673 0.336365 0.330401 0.336961 1.000000 0.200709 0.312211 0.838603 0.295810 0.308633 0.323244 0.103976 0.305502 0.332984 0.779335 1.000000 0.345460 0.378709 0.308782 0.460116 0.305949 0.308036 0.372049 0.850187 0.354108 0.183673 0.331594 0.334576 0.166959 0.961695 0.333979 0.356941 0.305800 0.302222 0.094167 0.299687 1.000000 0.863812 0.123088 0.346205 0.937929 0.100484 0.103286 1.000000 0.344714 1.000000 0.325630 0.144128 0.302669 0.341136 0.334576 0.355897 0.403310 0.330550 0.336812 0.276943 0.357388 0.282675 0.339496 0.887495 0.296854 0.137405 0.352617 1.000000 1.000000 1.000000 0.332787 0.369614 0.390513 0.453109 0.299091 1.000000 1.000000 1.000000 1.000000 0.835567 0.327270 0.092823 0.185614 0.386905 0.296705 0.287908 0.333085 1.000000 0.303563 0.259731 0.158858 0.301178 1.000000 0.330848 0.225197 0.335023 0.223102 0.265421 0.865867 1.000000 1.000000 0.462204 0.282656 0.285714 0.143314 0.342329 0.326375 0.333532 0.300880 0.084778 0.641860 0.618519 0.143113 0.207752 0.549426 0.327568 1.000000 1.000000 0.636856 0.513955 0.076042 0.349486 0.296556 0.290890 0.361115 0.328612 0.167654 0.342329 0.329805 0.916871 0.541673 0.323743 0.343074 0.251340 0.094758 0.351871 0.342180
TcBrA4_0187070 1.000000 0.194615 0.112805 0.193077 0.191538 1.000000 0.178462 0.000000 0.159231 1.000000 1.000000 0.125385 0.092593 0.101097 0.128462 0.171538 0.185385 0.126154 0.212308 0.169231 0.156923 0.351695 1.000000 1.000000 0.180000 0.216923 0.168462 1.000000 0.243902 0.157692 1.000000 0.221538 1.000000 0.222308 0.161538 0.173077 0.218462 1.000000 0.161538 0.262308 0.247692 1.000000 0.222308 0.423846 1.000000 0.220000 0.220769 0.207692 1.000000 0.229231 0.218462 0.610000 0.163846 0.136154 0.156923 0.171538 0.204615 0.248462 1.000000 1.000000 0.248462 0.279231 0.165385 0.396923 0.163077 0.175385 0.417692 0.917603 0.249231 0.132653 0.215385 0.214615 0.214615 1.000000 0.214615 0.250000 0.192308 0.156154 0.161538 0.154615 1.000000 1.000000 0.156923 0.246923 1.000000 0.155385 0.157692 1.000000 0.249231 1.000000 0.210000 0.161922 0.171538 0.246923 0.205385 0.323077 0.216154 0.200000 0.203077 0.219231 0.246923 0.246201 0.170769 1.000000 0.142308 0.148855 0.166923 1.000000 1.000000 1.000000 0.218462 0.390000 0.622308 0.798462 0.156923 1.000000 1.000000 1.000000 1.000000 1.000000 0.206154 0.169231 0.281538 0.420635 0.167692 0.167692 0.219231 1.000000 0.157692 0.155385 0.153846 0.158462 1.000000 0.215385 0.228346 0.166154 0.167692 0.170000 1.000000 1.000000 1.000000 0.822308 0.178462 0.243161 0.216923 0.276154 0.216923 0.222308 0.161538 0.171538 1.000000 1.000000 0.212308 1.000000 1.000000 0.218462 1.000000 1.000000 1.000000 1.000000 0.155208 0.305385 0.155385 0.159231 0.320000 0.212308 0.223077 0.254615 0.205385 1.000000 1.000000 0.250000 0.253846 0.247692 0.116935 0.228462 0.249231
TcBrA4_0187050 0.923077 0.166612 0.271341 0.167921 0.170540 0.841244 0.136825 0.159231 0.000000 1.000000 0.644517 0.039607 0.243827 0.112853 0.083470 0.157119 0.195417 0.085761 0.177414 0.155365 0.116858 0.500000 0.841244 0.843535 0.119804 0.172504 0.151882 1.000000 0.402439 0.121768 1.000000 0.175450 1.000000 0.175450 0.127005 0.118167 0.178396 1.000000 0.125041 0.209493 0.239280 0.836989 0.197709 0.350900 0.603273 0.179705 0.181997 0.189525 1.000000 0.182651 0.141080 0.831751 0.118494 0.074304 0.101146 0.124714 0.135516 0.132570 1.000000 1.000000 0.210147 0.278560 0.130933 0.400655 0.124386 0.116530 0.375123 0.898876 0.227169 0.372449 0.177741 0.181342 0.204320 1.000000 0.175123 0.229460 0.123077 0.116530 0.223568 0.123077 1.000000 1.000000 0.123077 0.208838 1.000000 0.129540 0.133589 1.000000 0.210475 1.000000 0.171849 0.245552 0.121768 0.187889 0.193126 0.215385 0.340426 0.172177 0.172831 0.196727 0.232079 0.404255 0.228478 1.000000 0.107365 0.324427 0.250409 1.000000 1.000000 1.000000 0.173813 0.252373 0.405458 0.420622 0.120131 1.000000 1.000000 1.000000 1.000000 1.000000 0.167594 0.120458 0.223241 0.382937 0.117512 0.114566 0.170867 1.000000 0.115221 0.115221 0.116530 0.119804 1.000000 0.177741 0.313386 0.153846 0.116203 0.117185 1.000000 1.000000 1.000000 0.442881 0.126678 0.401216 0.196417 0.186907 0.177087 0.178396 0.121440 0.131021 1.000000 1.000000 0.178069 0.209302 0.634043 0.180687 1.000000 1.000000 1.000000 1.000000 0.135417 0.229787 0.115548 0.116530 0.219967 0.173486 0.216825 0.191817 0.170213 1.000000 0.616367 0.188871 0.191489 0.276527 0.217742 0.217676 0.188216
TcBrA4_0185890 0.081479 0.094831 1.000000 1.000000 0.131119 0.397467 1.000000 1.000000 1.000000 0.000000 0.121534 0.767888 1.000000 1.000000 0.111606 0.056488 0.065389 1.000000 0.100308 1.000000 0.145498 1.000000 0.358439 0.298528 0.119137 1.000000 0.057515 0.137966 1.000000 0.147552 0.143376 0.102705 0.164327 0.123588 1.000000 0.148237 0.104416 0.141660 1.000000 0.143102 0.142759 0.123588 0.433756 0.166039 0.428963 0.139336 0.117768 1.000000 0.063806 1.000000 0.137966 0.728518 0.135570 0.116741 0.136597 1.000000 0.153372 1.000000 0.188634 0.063936 0.150976 0.141390 0.135228 0.394043 0.139678 0.121534 1.000000 0.771536 0.161588 1.000000 0.141048 0.119137 1.000000 0.182129 0.122218 0.140705 0.116741 0.120164 1.000000 0.514550 0.153285 0.117768 1.000000 0.158507 0.180075 1.000000 1.000000 0.163643 0.162616 0.110145 0.103047 1.000000 0.509757 0.131804 0.122218 0.230743 0.141732 0.111948 0.089353 1.000000 0.143444 1.000000 0.130777 0.118795 0.136255 1.000000 0.140021 0.205721 0.111583 0.109458 0.128038 0.136597 1.000000 0.133174 0.191373 0.110521 0.126984 0.143160 0.112646 0.149264 0.117426 1.000000 1.000000 1.000000 0.146868 0.163300 0.127354 0.173854 0.120507 1.000000 1.000000 0.124273 0.096408 0.117768 1.000000 0.064704 1.000000 1.000000 0.115371 0.149706 0.155340 0.912016 1.000000 1.000000 1.000000 0.847313 0.093461 0.103047 0.960288 1.000000 1.000000 1.000000 1.000000 1.000000 0.143102 0.097569 0.251366 0.126327 1.000000 1.000000 1.000000 0.145498 0.123930 0.125984 0.229374 0.118795 1.000000 0.135570 0.122561 0.136597 0.132489 1.000000 0.223554 1.000000 1.000000 0.134543 0.197877
TcBrA4_0186090 0.177432 0.160906 1.000000 0.490318 0.180640 0.228099 0.564187 1.000000 0.644517 0.121534 0.000000 0.344506 1.000000 1.000000 0.156936 0.118052 0.154951 0.325440 0.158104 1.000000 0.170481 1.000000 0.218167 0.179035 0.170014 0.522183 0.090028 0.130072 1.000000 0.181691 0.163166 0.170481 0.140697 0.163125 0.397846 0.174918 0.169664 0.079970 0.412044 0.122373 0.132765 0.171958 0.276390 0.165927 0.197517 0.165343 0.156352 0.381619 0.155115 0.542458 0.170481 0.747967 0.171882 0.135334 0.147128 0.614373 0.171766 0.403559 0.202098 0.167832 0.127043 0.122490 0.180873 0.396077 0.182742 0.183676 0.615439 0.588015 0.134984 1.000000 0.167679 0.160906 1.000000 0.173009 0.164059 0.132999 0.174218 0.160789 0.481944 0.291102 0.088113 0.222710 0.499522 0.117001 0.155177 0.766747 0.809646 0.102034 0.111280 0.069565 0.160439 1.000000 0.303596 0.164176 0.170598 0.156352 0.221275 0.165694 0.170131 0.416435 0.130897 1.000000 0.175269 0.199124 0.166394 1.000000 0.186478 0.176018 0.128587 0.127524 0.160556 0.127627 0.934373 0.166044 0.191383 0.127524 0.141799 0.159067 0.126461 0.201955 0.145026 0.529546 0.506791 1.000000 0.165343 0.172583 0.157053 0.192919 0.172349 0.414907 0.475680 0.158688 0.129017 0.158454 1.000000 0.136735 0.444852 0.408467 0.191748 0.205479 0.203883 0.283982 0.415789 1.000000 1.000000 0.346983 0.155652 0.158220 0.385400 1.000000 0.241860 0.167901 0.590042 0.674419 0.120037 0.161373 0.177986 0.162338 0.243902 0.149522 1.000000 0.126927 0.171532 0.177487 0.156235 0.163008 1.000000 0.169897 0.161957 0.192333 0.171182 0.424607 0.200140 1.000000 1.000000 0.179706 0.196520
TcBrA4_0187080 0.410636 0.159487 0.121951 0.130289 0.170135 0.385395 0.310720 0.125385 0.039607 0.767888 0.344506 0.000000 0.089506 0.049373 0.069216 0.141941 0.140005 0.091677 0.158882 0.106649 0.123669 0.364407 0.379137 0.351510 0.116893 0.142019 0.137464 0.359254 0.262195 0.128388 0.874394 0.168804 0.492269 0.161423 0.130331 0.120523 0.166989 1.000000 0.140989 0.183567 0.191433 0.390149 0.168562 0.233422 0.292284 0.158519 0.154405 0.169535 1.000000 0.234926 0.130082 0.823246 0.121854 0.086641 0.105639 0.102446 0.127662 0.142494 0.424304 1.000000 0.183809 0.197362 0.137706 0.387464 0.136980 0.135044 0.353399 0.655431 0.188892 0.142857 0.163480 0.165174 0.162872 0.631913 0.166868 0.185624 0.128630 0.118466 0.092222 0.127783 1.000000 0.527378 0.086759 0.180663 0.608150 0.096449 0.099018 0.739501 0.174613 1.000000 0.160576 0.161922 0.131292 0.175218 0.169046 0.182841 0.226162 0.169652 0.167594 0.145428 0.185261 0.264438 0.168683 0.541816 0.118708 0.164122 0.176307 1.000000 1.000000 1.000000 0.161302 0.199419 0.394412 0.262706 0.114714 1.000000 1.000000 1.000000 1.000000 0.468706 0.153316 0.089526 0.189889 0.378968 0.120402 0.125121 0.158519 0.960962 0.128509 0.106650 0.090361 0.116651 1.000000 0.162875 0.237795 0.141094 0.101217 0.111956 0.472919 1.000000 1.000000 0.221665 0.121592 0.261398 0.149712 0.159736 0.159608 0.161423 0.127682 0.082852 0.179845 0.164198 0.149076 0.220155 0.344143 0.165537 0.380952 0.702536 0.168022 0.158692 0.084375 0.186108 0.121612 0.125605 0.186350 0.157914 0.172986 0.179211 0.155978 0.577892 0.343175 0.183618 0.180663 0.249196 0.120968 0.188287 0.179453
TcBrA4_0187060 1.000000 0.151235 0.080247 0.132716 0.154321 1.000000 0.120370 0.092593 0.243827 1.000000 1.000000 0.089506 0.000000 0.089506 0.074074 0.132716 0.145062 0.092593 0.203704 0.141975 0.126543 0.364407 1.000000 1.000000 0.169753 0.182099 0.135802 1.000000 0.246914 0.111111 1.000000 0.216049 1.000000 0.216049 0.114198 0.151235 0.212963 1.000000 0.111111 0.259259 0.225309 1.000000 0.212963 0.888889 1.000000 0.222222 0.209877 0.203704 1.000000 0.200617 0.101852 0.598765 0.138889 0.098765 0.104938 0.172840 0.206790 0.484568 1.000000 1.000000 0.209877 0.212963 0.104938 0.682099 0.104938 0.117284 0.342593 0.985019 0.203704 0.107143 0.222222 0.219136 0.225309 1.000000 0.222222 0.212963 0.262346 0.101852 0.129630 0.126543 1.000000 1.000000 0.117284 0.212963 1.000000 0.114198 0.126543 1.000000 0.209877 1.000000 0.200617 0.132716 0.117284 0.333333 0.172840 0.515432 0.197531 0.151235 0.172840 0.194444 0.191358 0.243827 0.129630 1.000000 0.089506 0.129771 0.141975 1.000000 1.000000 1.000000 0.216049 0.512346 1.000000 1.000000 0.129630 1.000000 1.000000 1.000000 1.000000 1.000000 0.172840 0.126543 0.231481 0.719136 0.132716 0.145062 0.212963 1.000000 0.098765 0.092593 0.092593 0.101852 1.000000 0.216049 0.169753 0.129630 0.148148 0.145062 1.000000 1.000000 1.000000 1.000000 0.194444 0.243827 0.191358 0.472222 0.225309 0.234568 0.108025 0.114198 1.000000 1.000000 0.203704 1.000000 1.000000 0.212963 1.000000 1.000000 1.000000 1.000000 0.410494 0.222222 0.114198 0.117284 0.512346 0.222222 0.197531 0.327160 0.194444 1.000000 1.000000 0.324074 0.327160 0.327160 0.138889 0.250000 0.324074
TcBrA4_0187090 1.000000 0.132445 0.106707 0.133229 0.129310 1.000000 0.111285 0.101097 0.112853 1.000000 1.000000 0.049373 0.089506 0.000000 0.057210 0.112853 0.126959 0.051724 0.146552 0.101097 0.086207 0.355932 1.000000 1.000000 0.106583 0.152038 0.114420 1.000000 0.253049 0.083072 1.000000 0.155956 1.000000 0.156740 0.090909 0.094828 0.154389 1.000000 0.090909 0.202978 0.189655 1.000000 0.155172 0.367555 1.000000 0.157524 0.157524 0.145768 1.000000 0.164577 0.149687 0.601097 0.090909 0.058777 0.078370 0.100313 0.131661 0.180251 1.000000 1.000000 0.190439 0.231191 0.098746 0.337774 0.096395 0.112853 0.375392 0.902622 0.188872 0.137755 0.149687 0.144984 0.144201 1.000000 0.150470 0.184953 0.126959 0.092476 0.094828 0.084639 1.000000 1.000000 0.087774 0.182602 1.000000 0.086207 0.088558 1.000000 0.189655 1.000000 0.148903 0.177936 0.105799 0.181818 0.139498 0.271944 0.148903 0.133229 0.137147 0.150470 0.183386 0.255319 0.097962 1.000000 0.072100 0.152672 0.099530 1.000000 1.000000 1.000000 0.150470 0.328370 0.584639 0.775862 0.089342 1.000000 1.000000 1.000000 1.000000 1.000000 0.138715 0.104232 0.235110 0.380952 0.095611 0.101881 0.152038 1.000000 0.084639 0.090909 0.086991 0.091693 1.000000 0.152821 0.242520 0.113636 0.094044 0.098746 1.000000 1.000000 1.000000 0.797806 0.106583 0.252280 0.150470 0.211599 0.153605 0.155956 0.094828 0.105799 1.000000 1.000000 0.147335 1.000000 1.000000 0.155172 1.000000 1.000000 1.000000 1.000000 0.089583 0.248433 0.086207 0.093260 0.266458 0.146552 0.153605 0.188088 0.139498 1.000000 1.000000 0.182602 0.187304 0.180251 0.127016 0.163009 0.181818
TcBrA4_0186080 0.167575 0.155483 0.106707 0.135788 0.171946 0.219770 0.315193 0.128462 0.083470 0.111606 0.156936 0.069216 0.074074 0.057210 0.000000 0.149032 0.126082 0.106218 0.154424 0.102699 0.123117 0.355932 0.207953 0.166462 0.120920 0.147884 0.138731 0.143362 0.250000 0.129681 0.128433 0.165880 0.196432 0.161356 0.138023 0.124194 0.166651 0.148515 0.151049 0.182055 0.178706 0.158352 0.181837 0.175215 0.173825 0.160970 0.150280 0.172469 0.170517 0.240976 0.121239 0.588377 0.120728 0.101858 0.112833 0.109174 0.128815 0.144737 0.181116 0.181818 0.180514 0.196207 0.133050 0.363365 0.133919 0.133057 0.359773 0.479401 0.185927 0.112245 0.160307 0.163086 0.157034 0.189244 0.162284 0.179646 0.127852 0.125445 0.100278 0.134834 0.151721 0.208319 0.095363 0.179688 0.189529 0.100081 0.110115 0.144029 0.176856 0.124638 0.157793 0.158363 0.133392 0.170694 0.162624 0.180124 0.160029 0.158801 0.165977 0.151734 0.182485 0.246201 0.129722 0.176424 0.126697 0.152672 0.129464 0.209021 0.144527 0.144527 0.163332 0.181301 0.410656 0.164293 0.132181 0.144527 0.160847 0.174973 0.145590 0.189816 0.153854 0.099670 0.199950 0.390873 0.123905 0.124952 0.161837 0.145710 0.135747 0.115902 0.092816 0.123520 0.118147 0.160601 0.223622 0.153461 0.112807 0.122375 0.132679 0.165362 0.164078 0.228775 0.135140 0.249240 0.137556 0.168991 0.157986 0.161741 0.137886 0.078998 0.198450 0.185185 0.157424 0.288372 0.175066 0.162511 0.145199 0.132035 0.219512 0.173046 0.084375 0.186579 0.122557 0.124771 0.180569 0.159719 0.164100 0.174930 0.157920 0.166704 0.170555 0.196141 0.186204 0.248124 0.114919 0.173917 0.186686
TcBrA4_0185710 0.133204 0.110887 0.152439 0.078652 0.128264 0.203110 0.341733 0.171538 0.157119 0.056488 0.118052 0.141941 0.132716 0.112853 0.149032 0.000000 0.091838 0.133361 0.117512 0.138907 0.155755 0.385593 0.189977 0.138171 0.151018 0.098674 0.066052 0.159763 0.268293 0.161973 0.144184 0.130472 0.167545 0.129416 0.174521 0.159808 0.129416 0.130236 0.180799 0.161962 0.157665 0.141093 0.152336 0.157468 0.147346 0.130339 0.121168 0.139122 0.058306 0.202170 0.153465 0.585366 0.154061 0.106567 0.144393 0.144342 0.164631 0.185407 0.166254 0.064935 0.157819 0.168203 0.164816 0.388524 0.163754 0.159746 0.331209 0.483146 0.166957 0.153061 0.121177 0.122724 0.085814 0.178082 0.124723 0.158073 0.153010 0.141801 0.140278 0.153409 0.144421 0.180941 0.133126 0.152681 0.172945 0.133172 0.142125 0.144029 0.150380 0.110145 0.117224 0.204626 0.166411 0.139209 0.124843 0.153276 0.128166 0.110348 0.114420 0.103320 0.159722 0.270517 0.156064 0.145360 0.143049 0.194656 0.153908 0.205721 0.105207 0.103082 0.120518 0.157781 0.330084 0.130925 0.167423 0.104145 0.120635 0.137858 0.104145 0.164749 0.110983 0.145321 0.170020 0.392857 0.154408 0.156214 0.120285 0.176577 0.151306 0.143830 0.133869 0.141321 0.094991 0.124976 0.275591 0.050979 0.153950 0.156607 0.151581 0.145793 0.146602 0.201589 0.159558 0.267477 0.083813 0.127155 0.120200 0.119144 0.171638 0.130379 0.128682 0.150617 0.086762 0.114729 0.157582 0.121064 0.159251 0.120903 0.157182 0.137560 0.127083 0.167819 0.151594 0.160999 0.154803 0.120416 0.101303 0.144009 0.115551 0.149766 0.145156 0.151464 0.153425 0.187031 0.165323 0.139075 0.152672
TcBrA4_0186070 0.114267 0.096799 0.176829 0.093713 0.114116 0.191726 0.350529 0.185385 0.195417 0.065389 0.154951 0.140005 0.145062 0.126959 0.126082 0.091838 0.000000 0.163828 0.114116 0.137591 0.158576 0.389831 0.181806 0.123548 0.147972 0.116777 0.082790 0.140393 0.292683 0.160035 0.150646 0.125596 0.184537 0.125888 0.181373 0.157603 0.125304 0.150038 0.189710 0.157311 0.166845 0.135299 0.156535 0.166085 0.154947 0.126861 0.118591 0.144324 0.062706 0.217400 0.162856 0.588678 0.153420 0.146026 0.159354 0.172477 0.162467 0.195275 0.162757 0.051948 0.159062 0.174044 0.165483 0.391508 0.164802 0.157506 0.348914 0.479401 0.169277 0.183673 0.128904 0.125012 0.090485 0.191020 0.125401 0.163829 0.151863 0.153420 0.158056 0.165975 0.154327 0.185855 0.145793 0.162078 0.186212 0.167070 0.151515 0.150262 0.157992 0.118841 0.116159 0.190391 0.174638 0.131628 0.128320 0.167001 0.137051 0.117716 0.111198 0.119087 0.165094 0.303951 0.164115 0.153325 0.151377 0.164122 0.165677 0.215622 0.120085 0.117960 0.124818 0.167287 0.333333 0.138363 0.173169 0.119022 0.135450 0.151644 0.120085 0.164118 0.118883 0.165356 0.192404 0.380952 0.157506 0.164802 0.122580 0.179301 0.159062 0.162507 0.158635 0.153809 0.102079 0.123066 0.259843 0.099718 0.160131 0.167025 0.152853 0.150685 0.153398 0.217622 0.170430 0.297872 0.078055 0.137677 0.113241 0.116937 0.182104 0.116891 0.144186 0.134568 0.124925 0.111628 0.169809 0.120051 0.152225 0.124923 0.154472 0.137161 0.126042 0.166650 0.146804 0.157116 0.169340 0.121704 0.099526 0.137659 0.116451 0.146646 0.150098 0.160433 0.158121 0.188103 0.143145 0.145596 0.154392
TcBrA4_0185700 0.500623 0.171998 0.112805 0.141525 0.181138 0.494516 0.316535 0.126154 0.085761 1.000000 0.325440 0.091677 0.092593 0.051724 0.106218 0.133361 0.163828 0.000000 0.172414 0.103357 0.128653 0.360169 0.479712 0.468079 0.131699 0.154513 0.104002 0.557613 0.268293 0.135715 1.000000 0.181138 0.639592 0.173799 0.142498 0.128099 0.178784 1.000000 0.151049 0.192771 0.198726 0.464202 0.181554 0.261460 0.361723 0.171860 0.168259 0.175876 1.000000 0.245149 0.140424 0.840108 0.131561 0.071874 0.082399 0.111621 0.135715 0.151316 0.556316 1.000000 0.191663 0.202881 0.147487 0.381942 0.148594 0.145825 0.363551 0.835206 0.202604 0.127551 0.172275 0.174630 0.165207 0.848300 0.176291 0.197341 0.138208 0.117158 0.104444 0.127960 1.000000 0.695332 0.099187 0.182523 0.809524 0.099677 0.102860 1.000000 0.179476 1.000000 0.171998 0.165480 0.142086 0.186401 0.174907 0.200803 0.236809 0.175183 0.175737 0.148952 0.201496 0.270517 0.176984 0.718439 0.121036 0.148855 0.184462 1.000000 1.000000 1.000000 0.172691 0.215206 0.398960 0.284448 0.128514 1.000000 1.000000 1.000000 1.000000 0.605865 0.156765 0.103728 0.204225 0.390873 0.126575 0.125052 0.171721 1.000000 0.132530 0.113632 0.097724 0.116050 1.000000 0.174768 0.233071 0.149425 0.113193 0.123202 0.654671 1.000000 1.000000 0.294577 0.129788 0.267477 0.143954 0.185016 0.171721 0.170890 0.137100 0.085421 0.187597 0.176543 0.160704 0.231008 0.377926 0.176984 1.000000 0.976809 0.205962 0.156300 0.081250 0.200526 0.133223 0.136823 0.200665 0.169921 0.172986 0.190971 0.168675 0.774237 0.382219 0.196988 0.190555 0.247052 0.125000 0.199141 0.193602
TcBrA4_0186120 0.133982 0.117833 0.234756 0.082238 0.133244 0.191170 0.326972 0.212308 0.177414 0.100308 0.158104 0.158882 0.203704 0.146552 0.154424 0.117512 0.114116 0.172414 0.000000 0.099407 0.133256 0.305085 0.180172 0.137488 0.146713 0.078531 0.118238 0.170225 0.310976 0.146785 0.143780 0.109593 0.176041 0.105535 0.156342 0.144615 0.109306 0.125666 0.163265 0.149846 0.152138 0.117536 0.131024 0.146799 0.131889 0.109177 0.099094 0.113912 0.088009 0.185479 0.145797 0.586871 0.145400 0.158682 0.174609 0.135780 0.150111 0.173594 0.158823 0.075924 0.150702 0.174247 0.155547 0.373309 0.155740 0.151652 0.327904 0.490637 0.153891 0.285714 0.105253 0.104711 0.064215 0.184932 0.106520 0.146754 0.145028 0.148922 0.126111 0.153628 0.140772 0.179361 0.121654 0.154996 0.177920 0.136804 0.142979 0.140092 0.151439 0.110145 0.108924 0.201068 0.156099 0.132907 0.113054 0.149369 0.119179 0.114410 0.122106 0.095159 0.143808 0.313070 0.144036 0.130426 0.142748 0.202290 0.136606 0.193619 0.090329 0.089267 0.111723 0.150039 0.327485 0.117747 0.154871 0.089267 0.106878 0.124072 0.088204 0.154501 0.107611 0.132640 0.159205 0.390873 0.146428 0.149729 0.111721 0.166137 0.155025 0.141386 0.130968 0.146309 0.091682 0.108511 0.277165 0.116130 0.134054 0.140400 0.146856 0.131115 0.135922 0.198243 0.151530 0.316109 0.076136 0.111435 0.104816 0.106230 0.164835 0.141297 0.127132 0.127160 0.077519 0.093023 0.147297 0.101637 0.150664 0.110390 0.143631 0.122010 0.123958 0.153736 0.132854 0.148223 0.152196 0.108673 0.077607 0.136728 0.088589 0.141743 0.131479 0.139448 0.143542 0.183280 0.153226 0.122530 0.141205
TcBrA4_0187100 1.000000 0.135616 0.167683 0.141540 0.138907 1.000000 0.098091 0.169231 0.155365 1.000000 1.000000 0.106649 0.141975 0.101097 0.102699 0.138907 0.137591 0.103357 0.099407 0.000000 0.080974 0.279661 1.000000 1.000000 0.104674 0.144174 0.139566 1.000000 0.314024 0.063199 1.000000 0.129032 1.000000 0.129032 0.062541 0.075049 0.128374 1.000000 0.062541 0.188940 0.186965 1.000000 0.138907 0.329822 1.000000 0.136932 0.134299 0.117841 1.000000 0.150757 0.144174 0.649111 0.074391 0.104016 0.123766 0.075049 0.104674 0.164582 1.000000 1.000000 0.178407 0.231073 0.101382 0.387097 0.090191 0.097432 0.348914 0.898876 0.190257 0.193878 0.126399 0.133641 0.127057 1.000000 0.135616 0.181699 0.114549 0.098749 0.197498 0.085583 1.000000 1.000000 0.083608 0.175774 1.000000 0.086899 0.086241 1.000000 0.184332 1.000000 0.119816 0.172598 0.109941 0.170507 0.121791 0.250165 0.134957 0.136274 0.144832 0.134957 0.189598 0.310030 0.196840 1.000000 0.084266 0.145038 0.152074 1.000000 1.000000 1.000000 0.138249 0.295589 0.554312 0.672811 0.096774 1.000000 1.000000 1.000000 1.000000 1.000000 0.143515 0.102699 0.243581 0.392857 0.080974 0.083608 0.146149 1.000000 0.090849 0.092166 0.082291 0.084924 1.000000 0.135616 0.247244 0.138249 0.071758 0.082291 1.000000 1.000000 1.000000 0.703094 0.096774 0.313070 0.140224 0.191573 0.132982 0.146807 0.087558 0.097432 1.000000 1.000000 0.140882 0.913178 1.000000 0.140882 1.000000 1.000000 1.000000 1.000000 0.070833 0.221856 0.089533 0.098749 0.251481 0.131007 0.132982 0.176432 0.144832 1.000000 1.000000 0.172482 0.175774 0.167874 0.133065 0.138249 0.171165
TcBrA4_0185720 0.175746 0.155176 0.158537 0.125508 0.172074 0.224351 0.298196 0.156923 0.116858 0.145498 0.170481 0.123669 0.126543 0.086207 0.123117 0.155755 0.158576 0.128653 0.133256 0.080974 0.000000 0.330508 0.206591 0.168512 0.113654 0.135135 0.147740 0.184787 0.277439 0.115199 0.139338 0.156817 0.195752 0.150444 0.115368 0.109791 0.154017 0.164509 0.123168 0.169564 0.172986 0.159864 0.176903 0.164034 0.171671 0.154693 0.145713 0.165933 0.200220 0.224285 0.108911 0.595002 0.104287 0.126400 0.138953 0.083486 0.116261 0.136812 0.190004 0.194805 0.167632 0.189069 0.110081 0.357100 0.112302 0.106412 0.346789 0.524345 0.172377 0.173469 0.154093 0.152472 0.143608 0.199391 0.153148 0.170456 0.117227 0.112495 0.068611 0.119318 0.175182 0.213408 0.076482 0.172364 0.201374 0.087974 0.088348 0.159449 0.166667 0.142029 0.144747 0.124555 0.121983 0.162708 0.155474 0.173713 0.158292 0.151644 0.152279 0.133741 0.176806 0.273556 0.114513 0.180406 0.115778 0.152672 0.113972 0.217822 0.130712 0.130712 0.150382 0.167973 0.395062 0.140489 0.119834 0.130712 0.144974 0.162248 0.133900 0.163172 0.142043 0.074055 0.178571 0.384921 0.107860 0.114789 0.148223 0.161598 0.121862 0.097399 0.078090 0.111626 0.126181 0.147547 0.198425 0.152665 0.093104 0.100711 0.139949 0.159491 0.171845 0.218598 0.111055 0.276596 0.130518 0.153524 0.145326 0.146389 0.100602 0.065511 0.195349 0.155556 0.129398 0.235659 0.173123 0.149382 0.135831 0.136982 0.195122 0.142344 0.066667 0.175068 0.099363 0.115295 0.176659 0.147451 0.149882 0.164156 0.144457 0.176733 0.166877 0.173803 0.179746 0.238478 0.060484 0.164185 0.176482
TcBrA4_0187110 1.000000 0.411017 0.381356 0.402542 0.398305 1.000000 0.334746 0.351695 0.500000 1.000000 1.000000 0.364407 0.364407 0.355932 0.355932 0.385593 0.389831 0.360169 0.305085 0.279661 0.330508 0.000000 1.000000 1.000000 0.389831 0.436441 0.381356 1.000000 0.398305 0.228814 1.000000 0.322034 1.000000 0.322034 0.224576 0.207627 0.322034 1.000000 0.224576 0.398305 0.394068 1.000000 0.381356 1.000000 1.000000 0.398305 0.368644 0.347458 1.000000 0.423729 0.364407 0.661017 0.288136 0.355932 0.372881 0.211864 0.233051 0.682203 1.000000 1.000000 0.415254 0.411017 0.351695 0.889831 0.351695 0.377119 0.500000 0.974576 0.364407 0.295918 0.330508 0.381356 0.364407 1.000000 0.381356 0.415254 0.533898 0.347458 0.368644 0.355932 1.000000 1.000000 0.347458 0.406780 1.000000 0.351695 0.355932 1.000000 0.394068 1.000000 0.338983 0.351695 0.360169 0.521186 0.381356 0.754237 0.385593 0.381356 0.402542 0.406780 0.432203 0.406780 0.364407 1.000000 0.355932 0.436441 0.254237 1.000000 1.000000 1.000000 0.402542 0.766949 1.000000 1.000000 0.385593 1.000000 1.000000 1.000000 1.000000 1.000000 0.432203 0.351695 0.419492 0.970339 0.330508 0.338983 0.402542 1.000000 0.381356 0.381356 0.360169 0.364407 1.000000 0.364407 0.364407 0.381356 0.199153 0.300847 1.000000 1.000000 1.000000 1.000000 0.436441 0.398305 0.436441 0.728814 0.394068 0.478814 0.360169 0.377119 1.000000 1.000000 0.419492 1.000000 1.000000 0.394068 1.000000 1.000000 1.000000 1.000000 0.648305 0.305085 0.355932 0.360169 0.741525 0.364407 0.368644 0.508475 0.423729 1.000000 1.000000 0.512712 0.504237 0.521186 0.347458 0.338983 0.508475
TcBrA4_0187120 0.215579 0.175814 1.000000 0.632560 0.197603 0.181452 0.650663 1.000000 0.841244 0.358439 0.218167 0.379137 1.000000 1.000000 0.207953 0.189977 0.181806 0.479712 0.180172 1.000000 0.206591 1.000000 0.000000 0.131338 0.201825 0.660887 0.184257 0.298176 1.000000 0.210949 0.399838 0.168187 0.320476 0.183168 0.480213 0.203868 0.164510 0.555979 0.496838 0.206047 0.219120 0.185210 0.230015 0.208226 0.220891 0.182759 0.177584 0.440964 0.756876 0.650323 0.200599 0.825354 0.199782 0.211494 0.231377 0.789602 0.204004 0.489833 0.264462 0.712288 0.205502 0.211766 0.216260 0.411412 0.216397 0.216669 0.729934 0.715356 0.222389 1.000000 0.179763 0.179218 1.000000 0.358447 0.178674 0.216805 0.205366 0.207136 0.645000 0.285987 0.443691 0.319586 0.645554 0.212311 0.349917 1.000000 1.000000 0.376312 0.206864 1.000000 0.178674 1.000000 0.280812 0.183849 0.188070 0.241727 0.188887 0.186572 0.184802 0.536450 0.215716 1.000000 0.211085 0.299881 0.210404 1.000000 0.217486 0.759076 0.697131 0.698193 0.179763 0.204821 1.000000 0.182895 0.222797 0.698193 0.695238 0.698833 0.699256 0.288034 0.175678 0.671824 0.664487 1.000000 0.201416 0.203868 0.176086 0.386291 0.219801 0.532030 0.622267 0.206319 0.387996 0.169413 1.000000 0.183304 0.570214 0.513312 0.302981 0.702544 0.706796 0.412937 0.520823 1.000000 1.000000 0.368514 0.173771 0.179082 0.447910 1.000000 0.150388 0.193827 0.759392 1.000000 0.185619 0.177176 0.262295 0.347248 0.154472 0.172648 1.000000 0.205774 0.200735 0.204821 0.243906 0.176767 1.000000 0.185891 0.176903 0.307332 0.187253 0.529362 0.187526 1.000000 1.000000 0.189432 0.210268
TcBrA4_0187130 0.160585 0.120405 1.000000 0.627779 0.142681 0.100791 0.640823 1.000000 0.843535 0.298528 0.179035 0.351510 1.000000 1.000000 0.166462 0.138171 0.123548 0.468079 0.137488 1.000000 0.168512 1.000000 0.131338 0.000000 0.162635 0.664967 0.126828 0.256892 1.000000 0.160995 0.358239 0.145141 0.275446 0.141725 0.458677 0.156895 0.140631 0.548362 0.476717 0.168785 0.179855 0.141725 0.193795 0.172885 0.182862 0.142135 0.133798 0.420664 0.730473 0.653662 0.161678 0.816320 0.161405 0.174525 0.195709 0.791131 0.153478 0.480712 0.217106 0.674326 0.170425 0.173705 0.182178 0.396201 0.181222 0.183408 0.730406 0.700375 0.181632 1.000000 0.139948 0.138581 1.000000 0.321664 0.139401 0.179035 0.168785 0.170562 0.646389 0.247916 0.427529 0.283784 0.646033 0.174935 0.314854 1.000000 1.000000 0.325787 0.166598 1.000000 0.138445 1.000000 0.243952 0.140905 0.145551 0.202542 0.146508 0.126691 0.122318 0.520497 0.176028 1.000000 0.168922 0.258662 0.172202 1.000000 0.175208 0.743674 0.667375 0.667375 0.145551 0.162772 1.000000 0.145415 0.179445 0.667375 0.681481 0.668081 0.664187 0.247202 0.137898 0.677910 0.670272 1.000000 0.164548 0.170972 0.142271 0.354971 0.182589 0.521033 0.619589 0.169742 0.357278 0.139265 1.000000 0.129425 0.558818 0.495618 0.263722 0.684932 0.689320 0.387425 0.510119 1.000000 1.000000 0.353287 0.135028 0.136805 0.429411 1.000000 0.139535 0.132099 0.765057 1.000000 0.117398 0.137761 0.169399 0.298701 0.195122 0.136762 1.000000 0.167692 0.166052 0.163728 0.205822 0.137215 1.000000 0.143911 0.136258 0.262759 0.143501 0.514808 0.147328 1.000000 1.000000 0.149925 0.169605
